982
000000000000001001
000000000000000001
000000000000000001
000000000000000001
000000000000000001
000000000000000101
000000000000000101
000000000000000101
000000000010000101
000000000010000001
000000000010000001
100000000010000001
100000000010000001
100000000000000001
100000000000100001
000000000000100001
000000000000100001
000000000000100001
000000000100100001
010000000100100001
010000000100100001
010000010100100001
010000010100100001
010000010100100001
000000010100100001
000000010100000001
000000000100000001
000000000000000000
000000000000000000
010000000000000000
010000000000000000
010000000100000001
110000010100000001
110000010100000001
110000010100000001
110000010100000001
010000010100000001
000001000100000001
000001000111100001
000000000011100000
000001000011100000
000001000011000000
000001000011001000
000001000001001000
000001000001001000
000001000000001000
000001000000001000
000001000000001000
000001000000001000
000000000000001000
000000010000001000
000000010000001000
000000010000001000
000000010000001000
000000010000001000
000000010000000000
000000000000000000
000000000000000001
000000000000000001
000000000001000001
000000000001000001
000000000001000000
000000000001000000
000000000001000000
000000000001000000
000000000001000000
000000000001100000
000100000011100000
000100000010100000
000100000010100000
000100010010101000
000100010010001000
000100010010001000
000100010000001000
000100010000000000
000100010000000000
000100010000000000
000100010000000000
000100010000000000
000100010000000000
000100000000000000
000100000000000000
000100000000000000
000000000000000000
000000000000000001
000000000000000001
000000000000000001
000000000000000001
000000000010000001
000000010010000000
000000010010001100
000000010010001100
000100010010001100
000100010010001100
000100000001000000
000100000001000000
000100000001000000
000100000001000000
000100000001000000
000100000001000000
000100000001000000
000000000001000000
000000000001000001
000000000001000001
000000000001000101
000000000001000101
000000000001000101
000000000001001101
000000000001001100
000000000001001100
000000000001001100
000000000001001100
000000000001000100
000000000001000100
000000000001000100
010000000001000100
010000000101001101
010000000101001101
010000000001001101
010000000000001101
000000000000001101
000000000000000101
000000000000000101
000000000000000001
000000000000000001
010000000000000001
010000000000000001
010000000001000001
010000000001000001
010000000001100001
010000000001100001
010000000001100001
010000000001100101
010000000101101101
010000000101101101
010000000100101101
010000000100101001
010000000100000001
000000010100000001
000000000100000001
000000000100000001
000000000100000001
000000000000000001
000000000000000000
000000000000001000
000000000000001000
000000000000001000
000001000000001100
000001000000001100
000001000000001100
000001000000001100
000000000000000000
000000000000000000
000000000000000000
000000000000000000
000000000000000000
000000000000000000
000000000000000001
000000000000000001
000000000000000001
000000000000000001
000000000000000001
000000000000000000
000000000000000000
000000000000000000
000000000000000000
000000000000000000
000001000000000000
000001000000000000
000001000000000000
000001000000000000
000001000000000000
000001000000000000
000000000000000000
000000000000000100
000000000000001100
000000000000001100
010000000000001100
110000000000001100
110000000000001100
110000000000001100
110000000000000100
010000000000000000
010000000000000000
010000000000000000
010000000000000000
010000000000000001
010000000000000001
010000000000000001
000000000000001001
000000000000001001
000000000000001001
000000000000001001
000000000000001000
000000000000001100
000000000000001100
000100000000001100
000100000000001100
000100000000001100
000100000000001100
000100000000001100
000100000000001100
000100000000001100
000100000000001000
000100000000000000
000100000001000000
000100000001001000
000000000011101100
000000010011101101
000000010011101101
000000010010101101
000000010010001101
000000000000001101
000000000000000001
000000000000000000
000001000000000000
000001000000000000
000101000000000000
000101000000000000
000101000000000000
000101000000000000
000101000000000000
000100000000000000
000101000000000000
000100000000000000
000100000000000000
000100000000000000
000100000000000000
000100000000000000
000100000000000000
000100000000000000
000100000000000000
000100000001000000
000000000001100001
000000000001100001
000000000011100001
000000000011100001
000000000011000001
000000000011000001
000000000011000001
000000000011000001
000000000001000001
000000000001000000
000001000011000000
000011000011000000
000011010011000000
000011010011000000
000011010011000000
000011010011000000
000011010011000000
000011010111001000
000011010111001000
000011010111001000
000011011111001000
000011011111001000
000011011111001000
000011011111001000
000011011101001000
000011011101001000
000011111100001100
000011111100001101
000011111100001101
000011111110001101
000011111110001001
000011111111101001
000011111111101000
000011111111101000
000011111111101100
000011111110001100
000011111100001100
000011111100001100
000011111100001100
000011111100001100
000010110100001100
000010110100001001
000000110100001001
000000110100001001
000000110100001001
000000110100001001
000000110100001001
000000110100001001
000010110100001001
000010110101001001
000010010101001001
000010010101001101
000010010101001101
000010010011001101
000010010011001101
000010010011001100
000010010011001100
000000000011001100
000000000011000100
000000000111000000
000000000111000000
000000000111000000
000000000111000000
000000000111000000
000000000111000000
000000000011000000
000000000011000000
000000000011000001
000000000001000001
000000000000000001
000000000000000001
000000000000000001
000000000000001001
000000000000001001
000000000000001000
000000000000001000
000100000000001000
000100000000001000
000100000000001000
000100000000001000
000100000000001000
000100000000001000
000100000000001000
000100000000001000
000100000000001000
000100000000001000
000100000000001000
000100000000001000
000100000000000000
000101000000000000
000101000000000000
000001000000000000
000000000000000001
000000000000000001
000000000000000001
000000000010000001
000000000010000001
000000000010000000
000000000010000000
000000000000000000
000100000000000000
000101000000000000
000101000000000000
000101000000001000
000101000000001000
000101000000001000
000100000000001000
000100000000001000
000100000000001000
000100000000001000
000000000000001000
000000000000001001
000000000000001001
000000000000001001
000000000000001001
000000000000001001
000000010000001100
100000010000001100
100000010000001100
100100010000001100
100100010000001100
000100010100001000
000100010100000000
000100000100000000
000100000100000000
000100000100000000
000100000100000000
000100000100000000
000100000100000000
000100000100000000
000100000100000000
000100000000000000
000100000001000000
000100000001000000
000100000001000000
010100000001000000
110100000000000000
110100000000000000
110100000000000000
110100001000000000
110000001100000000
110000001100000000
110000001100000000
110000001100000000
110000001100001001
110000001100001001
110000000000001101
010000000000001101
010000000000001101
010000000000000100
010000000000000100
010000000001000100
000100000001000100
100100000001001100
100100000001001100
100100000001001100
100100000001001100
100100000001000000
100100000001000000
100100000001000000
000000000001000000
010000000001001101
010000010001001101
010010011001001101
010010111101001101
010011111100001000
010011111100001000
010011111100001000
000011111100001000
000011111100001000
000011111100001000
000011111100001000
000011111100001000
000011111100001000
000011111100001000
000011111100001000
000011111100001000
000011111100001000
000011111100001000
000011111100001000
000011111100001000
000111111100001000
000111111100001000
000111111100001000
000111111100001000
000111111100001000
000111111100001000
000110011100001000
000100010101000000
000100000101000000
000100000101000000
000000000101000000
000000000001000000
000000000001000000
000000000001000001
000000000001000001
000000000001000001
000000000001000001
000000000001000001
000000000001000001
000000000001000001
000000000001000001
000000000001000001
000000000000000001
000000000000000001
000000010000001101
000000010000001101
000000110100001101
000000110100001101
000000110100001001
000000110100000001
000000111100000001
000000111100000001
000000111100000001
000000111100001001
000000110100001001
000000110100001001
000000110100001001
000000110100001001
000000110100001001
000000110100001001
000000110100001001
000000110100001001
000000110100001001
000010110100001101
000010110100001101
000010110100001101
000010110100001101
000010110100001101
000010110100001101
000010110100001101
000010110101001100
000000010101001100
000000000001001100
000000000001000000
000000000001000000
000000000001000000
000000000101000000
000000000100000000
000000000100000000
000000000100000000
000000000100000000
000000010100000001
000000010100000001
000000010100000001
000000010100000001
000000010100000001
000000010100000001
000000000100000001
000000000101000000
000000000101000000
000000000001000000
000000000001000000
000000000000000000
000000010000000000
000000010000001000
000000010000001000
000000010000001000
000000000000001000
000000000000001000
000000000001001001
000000000001001001
000000000001000001
000000000001000001
000000000001000001
000000000001000001
000000000001000001
000000000001000101
000000000001000100
000000000001000100
000000000001000100
000000000001000100
000000000001000000
000000000001000000
000000000001000000
000000000001000000
000000000001000000
000000000001000000
000000000001000000
000000000001000000
000000000001000000
000000000001000000
000000000001000000
000000000001000001
000000000001000001
000000000000000001
000000000010000001
000000000010000001
000000000010000001
000000000010000000
000000000010001000
000000000000001100
000000000000001100
000100000000001100
000100000000001100
000100000000001000
000100000000000000
000100000000000000
000100000000000000
000100000000000000
000100000000000000
000000000000000000
000000000000001000
000000000000001000
000000000000001001
000000000000001001
000000000000001001
000000000000001101
000000000000001101
000000000000001101
000000000000001101
000000000000001101
000000000000001101
100000000000001101
100000000000001101
100000000000001101
110000000000001101
110000000000000101
110000000000000100
110100000000000100
010100000000000100
000100000000000000
000100000000000000
000100000000000000
000100000000000000
000100000000000000
000100000000000000
000100000000001000
000100000000001000
000100000000001100
100100000000001100
110100000000001100
110100000000001100
110100000000001100
110100000000001100
110100000000001000
110100000000000000
110100000000000000
110100000000000000
110100000000000000
110100000000000000
100100000000000000
100100000000000000
100100000000000000
100100000000000000
100100000000000000
100000000000000000
100000000000000001
000000000000000001
000000000000000001
000000000000100001
000000000000000001
010000000000000000
010000000000000000
010000000000100000
010000000000000000
010000000000000001
010000000000000001
010000000000100001
110000000000100001
110000000000100001
110000000000100001
110000000000100001
110000000000000001
110000000000000001
110000000000000001
110000000000000001
110000000000000001
110000000000000001
010000000000000001
010000000000000001
010000000000000000
010100000000000000
010100000000000000
000100000000000000
000101000000000000
100101000000000000
110101000000000000
110101000000000000
110100000000000000
110100000000000000
110100000000000000
110100000000000100
110100000000000100
110100000000000100
110100000000000000
110100000000000000
110100000000000000
110100000000000000
110100000000000000
110100000000000000
100100000000000000
000100000000000000
000100000000000000
000100000000000000
000100000000000000
000100000000000000
000100000000000000
000100000000000000
000100000000000000
000000000000000000
000000000000000001
000000000000000001
000000000000000001
000000000000000001
000000000000000001
000000000000000001
000000000000000001
000000000000000001
000000000000000001
000000000000000001
000000000000000001
000000000000000001
000000000000001101
000000000000001100
000000000000001100
000000000000001100
000000000100000000
000000000100000000
000000000100000000
000000000100000000
000000000100000000
000000000100000000
000000000100000000
000000000100000000
010000000100000001
110000000100000001
110000000100000001
110000010100000001
110000010100000001
110000010100000000
110000010100000000
110000010100001000
110100010000001000
110100010000001100
110100010000001100
110100010000001100
110100010000001100
110100010000001100
110000010000001000
110000010000001001
010000000000000001
000000000000000001
000000000000000001
000000000000000001
000000000000000000
000000000000000000
000000000000000000
000100000000000000
000100000000000000
000100000000000000
000100000000000000
000100000000000000
000100000000000000
000100000000000000
000100000000000000
000100000000000000
000100010000001000
000000010000001101
000000010000001101
000000010000001101
000000010100001101
000000010100001001
000000010100000001
000000010100000001
000000010000000001
000000000000000001
000000000000000001
000000000000000001
000000000000000001
000000000010000001
000000010110000001
000000010110000001
000000010110000001
000000010110000001
000000010100000001
000000010100000001
000000010100000001
000000010100000001
000000010100000001
000000010100000001
000000010100000001
000000010100000001
000000010100000001
000000010100000000
000000010100000000
000000010100001000
000000010100001000
000000010100001000
000000010100001000
000000010100001000
000000010100001000
000000010100001000
000000010100001000
000000010100001000
000100010000001000
000100010000001000
000100010000001000
000100000000001000
000100000001000000
000100000001000000
000100000001000000
000100000001000000
100100000001000000
110100000001000000
110100000001000000
110100000001000000
110100000001000000
110100000001000000
110100000001000000
110100000001000000
110100000001000000
010100000001000000
000000000011000001
000000000011000001
000000000011000001
000000000011000101
000000000011001101
000001000010001101
000001000000001100
000001000000001100
000001000000001100
000001000000000100
000001000000000000
000001000001000000
000000000001000000
000000000001000000
000000000001000000
000000000001000000
000000000001000000
000000000001000000
000000000001000000
000000000001000000
000000000001000001
000000000001000001
000000000001000001
000000000001000001
000000000001000001
000000000001000001
010000000001000001
010000000001000001
010000000001000001
010000010001001101
010000010011001101
010000010111001101
010000010111001101
000000010111001101
000000000111000100
000000000011000000
000000000011000000
000100000011000000
000100000011000000
000100000011000000
000100000011000000
000100000011000000
000100010011001000
000100011001001000
010000011101001000
110000011101001000
110000011111001000
110000001101000001
010000000111000001
010000000111000001
010000000111000001
010000000111100001
010000000111100001
010000000101100000
000000000111100000
000001001101000000
000011011101001100
000011011101001100
000011011101001100
000011011101001100
000011011100001100
000011011100001100
000011011100001000
000011111100001001
000011111100001001
000011111100001001
000011111100001001
000011111100001000
000011111100001000
000011111100001000
000011111100001000
000011011100001000
000011011100001000
000011011100001000
000011011100001000
000011011100001000
000011011100001000
000011011100001000
000011011100001000
000011011100001000
000011011100001000
000011011100001000
000111011100001000
000011011100011000
000011011100001000
000011011100001000
000011011100001000
000011011000001100
000011010000001100
000011010000001100
000001010000001100
000001010101000000
000001010111000000
000001010111000000
000000010111000001
000000110111000001
000000110111000001
000010110111001001
000010110110001001
000010110110001001
000010110110001000
000010110100001000
000010111100001100
100011111100001100
100011111100001100
100011111100001100
100011111100001100
000011111100001100
000011110100001000
000111110100001000
000111110100001000
000111111100001000
000111111100001000
000111111100001000
000111111100001000
000111111100001000
000111111100001000
000111111100001000
000111111100001000
000111111100001000
000110111100001000
000110111000001000
000000111000001000
000000111000001001
000000111000001001
000000110000001001
000000010000001001
000000010000001001
000000000001001001
000000000001001001
000000000001000001
000000000001000001
000000000001000001
000000000001000001
000000000001000001
000000000001000001
000000000001000001
000000000011000001
000000000011000001
000000000011000001
000000010011000001
000000010010000001
000000010010000001
000000010000000001
000000010000001001
000000010000001001
000000011000001001
000000011000001001
000000011000001001
000000011000001001
000000011000001001
000000011000001001
000000010000001001
000000010000001001
000000000000000001
000000000000000001
000000000001000001
000000000001000001
000000000001000000
000000000001000000
000100000001000000
000100000001000000
000100000001000000
000100000001000000
000100000001000000
000100000000000000
000100000000000000
000100000100000000
000100000100000000
000100000100000000
000000000100000001
000000000000000001
000000000001000001
000000000001000001
000000000001000001
000000000001000001
000000000001000000
000000000001000000
000000000001000000
000000000001000000
000100000001000000
000100000001000000
000100000001000000
000100000001000000
000100000001000000
000100000001000000
000100000001000000
000100000001000000
000100000001000000
000100000001000000
000100000001000000
000100000001001000
000000000001001001
000000000001001001
000000000001001001
000000000001001001
000000000001001001
000000000001001001
000000000001001001
000000000001000001
000000000001000001
000000000001000001
000000000001000001
000000000001000001
000000000001000001
000000000001000001
000000000001000001
000000000001000001
000000000001000001
000000000001000001
000000000001000001
000000000001000001
000000000001000001
000000000001000001
000000000001000001
000000000001000001
000000000101000001
000000000101000001
000000000101000001
000000000111000001
000000000111000001
000000000111000001
000000000111000001
000000000111000001
000000000111000001
000000000101000001
000000000101000001
000000000100000001
000000000100000001
000000000100000000
000000000000000000
000000000000000000
000100000000001000
000100010001001000
110100000000001100
000100000001001100
