181
000101000000000000
000101000001000000
000101100000000000
000101100001000000
000101100001000000
000101100001000000
000101100001000000
000111110001000000
000111110001000000
000111110001000000
000111110000000000
000111110000000000
000101110000000000
000101100010000000
000101000011000000
000101000011000000
000101000011000000
000101000011000000
000101000011000000
000101000011000000
000001000011000001
000001000010000001
000011100000101101
000011110000101101
000011110000101101
000011110000101100
000011110000101100
000111110000001100
000111110100001000
000111110100000000
000111110100000000
000111110100000000
000111110100000000
000111110100000000
000111110100000000
000111110100000000
000111110100000000
000111110110000000
000111110110000000
000111110110000000
000111110110000000
000111110110000000
000111110110000000
000111110100000000
000111110100000001
100001110100000001
100000000000000001
100000000000000001
100000000000000001
100000000000000001
110000000000000001
110000000010000001
110000000010000001
110000000010000001
110000000010000001
110000000010000001
110000000010000001
110000000010000001
110000000010000001
110000000010000001
110000000010000001
110000000010000001
110000000010000001
110000000010000001
110000000010000001
110000000010000001
110000000010000001
110000000010000001
110000000010000001
110000000010000101
110000000000000101
111000000000000101
111000000000000101
111000000000000101
111000000000000101
111000000000000100
111000000000000100
111000000000000100
111000000000000100
111000000000000100
111000000000000101
111000000000000101
111000000000000101
111000000000000101
111001000000000101
111001000100000001
111001000100000001
111001000100000001
111001000100000001
111001000100000001
110001000100000001
110000000100000001
110000000100000001
110000000100000001
110000000100000001
110000000100000001
110001000100000001
110001000100000001
010001000100000001
010001000100000001
010001000100001001
000001000100001101
000001000100001101
000001000100001101
000001000100001101
000001000100001101
000001000100001101
000001000100001101
000001000100001001
000001000100000001
000001000100000001
000001000100000001
000001000100000001
000001000100000001
000001000100000000
000001000100000000
000001000100000000
000001000100000000
000001000100000000
000001010100000000
000001010100000000
000001010100001100
000101010100001100
000101010100001100
000101010100001100
000101010100001100
000101000100001100
000101000000001100
000101000000001100
000101000000001100
000101000000001100
000101000000001100
000101000000001100
000101000000001100
000101000000001100
000101000000001100
000101000000001100
000101000000001100
000101000000001100
000101000000001100
000101000000001100
000101000000001100
000101000000001100
000101000000001100
000101000000001100
000101000000001100
000101000000001100
000100000000001100
000100000000001100
000101000000001100
000100000000000000
000100000000000000
000101000000000000
000101000000000000
000101000000000000
000101000000000100
000101000000001100
000101000000001100
000101000000001100
000101000000001100
000101000000000100
000101000000000000
000101000000000000
000101000000000000
000101000000000000
000101000000000000
000101000000000000
000101000000000000
000101000000000000
000101000000000000
000101000000000000
000101000000000000
000101000000000000
000101010000000000
000101010100000000
000101010100000000
000111010100000000
000111010100001000
000111010100000000
000111010100001000
000111010100001000
