1140
000100100111000001
000100100111010001
000100110111011000
000100110101011100
000100110101011100
000100110101011100
000100110101001100
000100110101001100
000100110101001100
000100110100001100
000100110100001100
000100110100001100
000100110100001100
000100110100011000
000100110000011000
000100110000011000
000100110000011000
000100110000011100
000100110000011100
000100110000011100
000100110000011100
100100110000011100
100100110000011000
100100110110011000
000100110110011000
000100110110011000
000100110110011000
000000110110011001
000000110100011001
000000100100011001
000000000100001001
000000000100000001
000000000100000001
000000000100000001
000000000100000001
000000000100000001
000000000100000001
000000000100000001
000000000000000001
000000000000000000
000000001000000000
000000001000000000
000000001000000000
000000001000000000
000000001000000000
001000001000000000
001000001000000000
001000001000000000
001000001000000000
001000000000000000
001000000000000000
001000000000000000
001000000000000000
001000000000000010
001000000000000010
001000000000000010
001000000000000010
001000000000000010
001000000000000010
001000001000000000
001000001000000000
001000001000000000
001000001000000000
001000001000000000
001000001000000000
001000001000001000
001000001000001000
001000001000001000
001000001000001000
001000001000001000
001000001000001000
001000001000001000
001000001000000000
001000001000000000
001000001000000000
001000001000000000
001000001000000000
001000001000000000
001000001000000000
000000001000000000
000000001000000000
000000001010000000
000000000010000001
000001000010000001
000001000010000001
000001000010000001
000001000010000001
000001000010000001
000000000010000001
000000000010000001
000000000000000001
000000000000000001
000000000000000001
000000000000000001
000000000000000001
000000000000000001
000000000000000001
000000000000000001
000000000000000001
000000000000000001
000000000000000001
000000000001000001
000000000000000001
000000000000000001
000000000000010001
000000000000010001
000000000000011101
000000000000011101
000000000000011101
000100000000011101
000100000000011101
000100000000011100
000100000000011100
000100000000011100
000100000000011100
000000000000011100
000000000000011100
000000000000010000
000000000000000000
000000000000000000
000000000000000000
000000000000000000
000000000000000000
000100000000000000
000100000000001100
000100000000011100
000100000000011100
000100000000011100
000100000000011100
000100000000001100
000100000000001100
000100000000001100
000100000000001100
000100000000001100
000100000000001100
000100000000001100
000100000000001100
000100000000001100
000100000000001100
000100000000001100
000100000000001000
000100000000011000
000100000000011000
000100000000011000
000100000000011000
000100000000011000
000100000000010000
000100000000010000
000100000000010000
000100000000010000
000100000000010000
000100000000010000
000100000000011000
000100000000011000
000100000000011100
000100000000011100
000100000000011100
000100000000011100
000100000000001100
000100000000001100
000100000000001100
000100000000001100
000100000001001100
000100000001001100
000100000001000100
000100000001000100
000100000001000100
000100000001000100
000100000001000100
000100000001011100
000100000001011100
000100000001011100
000100000001011100
000100000001011100
000100000001011100
000100000001011100
000100000001011100
000100000001011100
000100000001011100
000000000001110001
000000000001110001
000000000001110001
000000000001110001
000000000001110001
000000000001110101
100000000001001101
100000010011001101
100100010011001101
101100010001001101
101100010001001100
101100000001001100
101100000001001000
101100000001001000
001100000001010000
001100000001010000
001100000001010000
000100000001010000
000100000001011100
000100000001011100
001100000001011100
001100000001011100
000100000001011100
001100000001011100
001100000001011100
001100000001011100
001100000001010000
001100000001000000
001100000001000000
001100000001000000
001100000001001100
001100000001001100
001100000001001100
001100000001001100
001100000001001100
010100000001001100
000100000001001100
000100000001001100
001100000001001100
001100000001001100
001100000001001100
001100000001001100
001100000001001100
001100000000001100
000100000000001100
000100000000001100
000100000000011100
100100000000011100
100100000000011100
100100000000011100
100100000000011100
100100000000011100
100100000000010100
100100000000010100
100100000000010000
100100000000010000
100100000000000000
100100000000000000
100100000000000000
100100000000000000
100100000000000000
100100000000000000
100100000000000000
100100000000000000
100100000000000000
100100000000000000
100100000000000000
110100000000001100
110100000000001100
110100000000001100
100100000000001100
100100000000000100
100100000000000100
100100000000000100
100100000000000000
100100000000000000
100100000000000000
100100000000000000
100100000000000000
100100000000000000
100100000000000000
100100000000000000
100100000000000000
100100000000000000
100100000000001000
100100000000001100
100100000000001100
100100000000001100
100100000000001100
100100000000001100
100100000000001100
100100000000001100
100100000000001000
100100000000000000
000100000000000000
000100000000000000
000100000000010000
000100000000010000
100100000000011100
100100000000011100
100100000000011100
100100000000011100
100100000000011100
100100000000011100
100100000000011100
100100000000011100
100100000000001100
100100000000001100
100100000000001100
100100000000001100
100100000000001100
110100000000001100
110100000000001100
110100000000001100
110100000000001100
110100000000001100
110100000001001100
110100000001001100
110100000001001100
110100000001001100
110100000001001100
110100000001001100
110100000001001100
110100000001001100
110100000001001100
110100000001001100
110100000001001100
110100000001001100
110100000001000000
110100000001000000
110100000001000000
110100000001000000
110100000001000000
100100000001000000
100100000001000000
100100000001000000
100100000001000000
110100000001000001
110000000001000001
110000000001000101
111000000001000101
111100000001000101
111100000001000101
111100000001001100
111100000001001100
111100000001001100
110100000001001100
110100000001001100
110100000001001100
110100000001001100
110100000001001100
000100000001000000
000100000001000000
000100000001000000
000100000001000000
000100000001000001
000000000101000001
000000000111000101
000000000111000101
000000000111000101
000000000110000101
000000000110000101
000001000100000101
000001000100000001
000001000100000000
000001000100000000
000001000100000000
000001000000000000
000001001000001000
000001001000001000
000000001000001000
000000001000001000
000000001000000000
000000001000000010
000000001000000010
000000001000000010
000000001000000010
001000001000000010
001000001000000010
001000001000000010
001000001000000010
001000001000000010
001000001000000010
001000001000000010
001000001000000010
001000001000000010
001000001000000010
001000001000000010
001000001000000010
001000001000000010
001001001000001010
001001001000001010
001001001000001010
000001001000001010
000001001000000001
000001000010000001
100001000010000001
110001000010000001
110000000010000001
110000000010000001
110000000010000001
110000000000000001
110000000000000001
110100000000000001
100100000000000000
100100000000000000
100100000000001000
100100000000001000
100100000000001000
100100000011001000
100100000011000000
100100000011000001
100100000011000001
100000000011000001
100000000011000001
100000000011000001
100000000011000001
100000000011000001
100000000011000001
100000000011000001
100000000010000001
100100000000000001
100100000000000001
100100000000000001
100100000000010001
100100000000000001
100100000000000000
100100000000010000
100100000000010000
100100000000010000
100100000000010000
100100000000010000
100100000000010000
100100000000001000
100100000000001000
100100000000000000
100100000000000000
100100000000000000
100100000000000000
100100000000000000
100100000000010000
100100000000010000
100100000000011100
100100000001011100
100100000001011100
100100000001011100
100100000001011100
100100000001011100
100000000001011100
100000000001011100
100000000001011101
100000000001011101
100000000001010101
100000000001000001
000000000000000001
000000000000000001
000000000000000001
000100000000000001
000100000000000001
100100000000001001
100000000000001001
100000000000001000
100000000000001000
100100000000001000
100000000000001000
000000000000001000
000000000000001000
000100000000001000
000100000000001000
000100000000001000
100000000000000000
100000000000000000
100100000000000000
100100000000000000
100000000001000000
100000000001000000
000000000001000000
000000000001000000
000100000001000000
000100000001000000
000100000001000000
000100000001000000
000100000001000000
000100000001000000
000100000001000000
000100000001000000
000100000001000000
000100000001000000
000100000001000000
000100000001000000
000000000001000000
000000000001000000
000000000001100001
000000000001100001
000000000001100001
000000000001000001
000000000001000001
000000000001000001
000000000000000001
000000000000000001
000000000010001101
100000000110001101
100000000110001101
100000000110001101
100000000110001101
100000000110000001
100000000100000001
100000000100010001
000000000000010001
000000000001010001
000000000011011001
000000000011011101
000000000011011101
000000000011011101
100000000011001101
101000000001001101
101000000001001101
101000000001001100
101000000001001100
101100000001001000
101100000001001000
001100000001000000
001100000001000000
001100000001000000
001100000001000000
001100000001000000
001100000001000000
001100000001000000
001100000001000000
001100000001000000
001100000001000000
001100000001000000
001100000001000000
001000000000000100
001000000000001100
001000000000001100
001000000000001100
001000000000001100
001000000000011101
001000000000010001
000000000001110001
000000000001110001
001000000001110001
000000000001110001
000000000001110001
000000000001110001
100000000001010101
100000000001011101
100000010001011101
100000010011011101
100000010011011101
100000010011011101
100000000011011101
100000000011000001
100100000001000001
000100000001010000
000100000001010000
000100000001010000
000100000001010000
000100000001010000
001100000001011100
101100000001011100
101100000001011100
101100000001011100
101100000001011100
101100000001011100
100100000001011100
100100000001010000
100100000001010000
100100000001010000
100100000001010000
101000000001010000
101000000001011100
101000000001011100
101000000001011100
101000000001011100
101000000001011100
101000000001011100
100000000001001100
100000000001000000
100000000001000001
100000000001000001
100000000001000001
100000000001000001
100000000001011101
100000000001011101
101000000001011101
101000000001011101
101000000001010101
101000000001010101
101000000001010101
101000000001010001
101000000001000001
101000000001000001
101000000001000101
101000000001010101
101000000001011101
101000000001011101
101000000001001101
101000000001011101
101000000001011101
101000000001011101
101000000001010101
101000000001010100
101000000001010100
101100000001010100
101100000001011100
101100000001011100
100100000001011100
101100000001011100
101100000001011100
101100000001000100
101100000001000100
101000000001000100
101000000001000100
101000000001000100
101000000001000100
101000000001000100
101000000001000100
101000000001000100
100000000001000000
110000000001000000
100000000001000000
110100000001000000
110000000001000100
110000000001000100
110100000001000100
110100000001000100
110100000001000100
110100000001000100
110000000001000100
110000000001000000
110000000001000000
100000000001000001
100000000001000001
100000000001000001
100000000001000001
100000000001000101
100000000001001101
100000000001001101
100000000000001101
100000000000001101
100000000000000001
110000000100000001
110000000100000001
110000000100000001
110000000100000001
110000000100000001
110000000100000001
110000000100001001
110000000100001001
100001000100001001
000001000100001001
000001000100001001
000001000100000001
000001000100000001
000001000100000001
000001000100000001
000001000100000001
000001000100000001
000001000100000001
000001000100001101
000001000100001101
000001000100001101
000001000100001101
000001000100001101
000001000100001101
000001000100001101
000001000100001101
000001000110001101
000001000110001101
000001000110001101
000001000110001101
000001000110001101
000001000110001101
000001000110001101
000001000110001101
000001000110001101
000001000110001101
000001000110001101
000001000110001101
000001000110001101
000001000110001101
000001000110001101
000001000110001101
000001010110001101
000001010110001101
000001010110001101
000001010110001101
000001010110001101
000001010110001101
000001010110001101
000001010110001101
000001010110001101
000001010110001101
000001000110001101
000001000110000001
000001000110000001
000001000110000001
000001000110000001
000001000110000001
000001000110000001
000001000110000001
000001000110000001
000001000100000001
000001000110000001
000001000100000001
000001000100000001
000001000100000001
000001000100000001
000001000100000001
000001000100001101
000001000100001101
000001000100001101
000001000100001101
000001000100001101
000000000100001101
000000000100001101
000000000100000001
000000000100000001
000000000100000001
000000000100000001
000000000100000001
000000000100000001
000000000100000001
000000000010000001
000000000010000001
000000000010000101
000000000010000101
000000000010001101
000000000010001101
000000000110001101
000000000110001001
000000000110001001
000000000110001001
000000000110001001
000000000110001001
000000000110001001
000000000110001001
000000000110001001
000000000110001001
000000000110001001
000000000110001001
000000000110001001
000000000110001001
000000000110000001
000000000111100001
000000000111100001
000000000111100001
000000000111100001
000000000111000001
000000000110000001
000000000110000001
000000000110000001
000000000110000001
000000000110000001
000000000110000001
000000000110000001
000000000110000001
000000000110000001
000000000110000001
000000000110000001
000000000110000001
000000000110000001
000000000110000001
000000000110000001
000000000110000001
000000000110000001
000000000110000001
000000000100000001
000000000100000001
000000000100000001
000000000100000001
000000000100000001
000000000100000001
000000000110000001
000000000110000001
000000000110000001
000000000110000001
000000000110000001
000000000110000001
000000000110001001
000000000110001001
000000000110001001
000000000110001001
000000000110001001
000000000110000001
000000000110000001
000000000110000001
000000000110000001
000000000110000001
000000000110000001
000000000110000001
000000000110000001
000000000110000001
000000000111000001
000000000111000001
000000000011000001
000000000011000001
000000000011001101
000000000011001101
000000000011001101
000000000011001101
000000000011001101
000100000001000100
000100000001000100
000100000001000100
000100000001000100
000100000001000101
000100000001001101
000100000001001101
000100000001001101
000100000001001101
000100000001001100
000100000001001100
000100000001001100
000100000001001100
000100000001001100
000100000000001100
000100000000001101
000000000000001101
000000000000001101
000000000001001101
000000000000001101
000000000000001101
000000000000001101
000000000000001101
000000000000001101
000000000000001101
000000000100001101
000000000110000101
000000000110000001
000000000110000001
000000000100000001
000000000100000001
000000000100000001
000000000100000001
000000000100000001
000000000100000001
000000000100000001
000000000100000001
000000000100000001
000000000100000001
000000000100000001
000000000100000001
000000000100000001
010000000100000001
010000000100000001
010000000100001001
010000000100001101
010000000100001101
010000000000001101
010000000000001101
010000000000000001
000000000000000001
000000000000000001
000000000000000001
000000000000000001
000000000000001101
000000000001001101
000000000001001101
000000000001001101
000000000001001101
000000000001001101
000000000001001101
000100000000001100
000100000000001100
000100000000001100
000100000000001100
000100000000001100
000100000000001100
000100000000001100
000100000000001100
000100000000001100
000100000000001100
000100000000001100
000100000000001100
000100000000001100
000100000000001100
000100000000001100
000100000000001100
000100000000001100
000100000000001100
000100000000001100
000100000000001100
000100000000000000
000100000000000000
000100000000000000
000100000000000000
000100000000000000
000100000000000000
000100000000000000
000100000000000000
000100000000000000
000100000000000000
000100000000100000
000000000100100001
000000000101100001
000000000101100001
000000000101100001
000000000101100001
000000000001010000
000000000001010000
000100000001010000
000100000001010000
000100000001010000
000100000001000000
000100000001100000
000100000001100000
000100000001100000
000100000001100000
000100000001100000
000100000001100000
000100000001100000
000100000001100000
000100000001100000
000100000001100000
000100000001100000
000100000001100000
000100000001100000
000100000001100000
000100000001100000
000100000001100000
000100000001100000
000100000001000000
000100000001000000
000100000001000000
000100000001000000
000100000001000000
000100000001000000
000100000001000000
000100000001000000
000100000001000000
000100000001100000
000100000001100000
000100000001100000
000100000001100000
000100000001100000
000100000001100000
000100000001100000
000100000001100000
000100000001100000
000100000001100000
000100000001100000
000100000001100000
000100000001100000
000100000001100000
000100000001100000
000100000001100000
000100000001100000
000100000001100000
000100000001100000
000100000001100000
000100000001100000
000100000001100000
000100000001100000
000100000001100000
000100000001100000
000100000001100000
000100000001100000
000100000001100000
000100000001100000
000100000001100000
000100000001100000
000100000001100000
000100000001100000
000100000001100000
000100000001100000
000100000001100000
000100000001100000
000100000001100000
000100000001100000
000100000001100000
000100000001100000
000100000001100000
000100000001100000
000100000001100000
000100000001100000
000100000001100000
000100000001100000
000100000001100000
000100000001100000
000100000001100000
000100000001100000
000100000001100000
000100000001100000
000100000001100000
000100000001100000
000100000001100000
000100000001100000
000100000001100000
000100000001100000
000100000001100000
000100000001100000
000100000001100000
000100000001100000
000100000001100000
000100000001100000
000100000001100000
000100000001100000
000100000001100000
000100000001100000
000100000001100000
000100000001100000
000100000001100000
000100000001100000
000100000001000000
000100000001000000
000100000001000000
000100000001000000
000100000001000000
000100000001000000
000100000001000000
000100000001000000
000100000001000000
000100000001000000
000100000001000000
000100000001000000
000100000001000000
000100000001000000
000100000001000000
000100000001000000
000100000001000000
000100000001000000
000100000001000000
000100000001000000
000100000001000000
000100000001100000
000100000001100000
000100000001100000
000100000001100000
000100000001100000
000100000001100000
000100000001100000
000100000001100000
000100000001100000
000100000001100000
000100000001100000
000100000001100000
000100000001100000
000100000001100000
000100000001100000
000100000001100000
000100000001000000
000100000001000000
000100000001000000
000100000001000000
000100000001000000
000100000001000000
000100000001000000
000100000001100000
000100000001100000
000100000001100000
000100000001100000
000100000001100000
000100000001100000
000100000001100000
000100000001100000
000100000001100000
000100000001100000
000100000001100000
000100000001100000
000100000001100000
000100000001100000
000100000001100000
000100000001100000
000100000001100000
000100000001100000
000100000001100000
000100000001100000
000100000001100000
000100000001100000
000100000001100000
000100000001100000
000100000001100000
000100000001100000
000100000001100000
000100000001100000
000100000001100000
000100000001100000
000100000001100000
000100000001100000
000100000001100000
000100000001100000
000100000001100000
000100000001100000
000100000000100000
000100000000100000
000100000000100000
000100000000100001
000100000000100001
000100000000100001
000100000001100001
000100000001100000
000100000001100000
000100000001100000
000100000001100000
000100000001100000
000100000001100000
000100000001100000
000100000001100000
000100000001100000
000100000001100000
000100000001100000
000100000001000000
000100000001000000
000100000001000000
000100000001000000
000100000001000000
000100000001000000
000100000001000000
000100000001000000
000100000001000000
000100000001100000
000100000001000000
000100000001000000
000100000001000000
000100000001100000
000100000001100000
000100000001100000
000100000001100000
000100000001100000
000100000001100000
000100000001100000
000100000001100001
000100000001100001
000100000001100001
000100000001100001
000100000001000001
010100000001000000
010100000001000000
010100000001000000
000100000001000000
000100000001000000
000100000001000000
000100000001000000
000100000001000000
000100000001000000
000100000001000000
000100000001000000
000100000001000000
000100000001000000
000100000001000000
000100000001000000
000100000001000000
000100000001000000
000100000001000000
000100000001000000
000100000001000000
000100000001000000
000100000001000000
000100000001000000
000100000001000000
000100000001000000
000100000001000000
000100000001000000
000100000001000000
000100000001100000
000100000001100000
000100000000000000
000100000001100000
