181
000100000000000000
000100000000000000
000100000000000000
000100000000000000
000100000000000000
000000000000000001
000000000000000001
000000000000001001
000000000000001101
000000000000001101
000000000000001101
000000000000001101
000000000000001001
000000000000001001
000000000000001001
000000000000001001
000000000000000001
000000000000000001
000000000000000101
000000000000000101
000000000000001101
000000000000001101
000000000000001101
000100000000001101
000100000000001100
000100000000001100
000100000000001000
000100000000001000
000100000000001000
000100000000001000
000100000000001000
000100000000001000
000100000000001000
000100000000001000
000100000000001000
000100000000001100
000100000000001100
000100000000001100
000100000000001100
000100000000001100
000100000000001100
000100000000001100
000100000000001100
000100000000001100
000100000000001100
000100000000001000
000100000000001000
000100000000001000
000100000000001000
000100000000001000
000100000000001000
000100000000001000
000100000000001000
000100000000001000
000100000000001000
000100000000001000
000000000000001000
000000000000000000
000000000000000000
000000000000001000
000000000000001000
000000000000001000
000000000000001000
000000000000001000
000000000000001001
000000000000001001
000000000000000001
000000000000000001
000000000000000001
000100000000000001
000100000000000001
000100000000000001
000100000000000000
000100000000000000
000100000000000000
000100000000100000
100100000000100000
100100000000100000
000100000000100000
000100000000100000
000100000000100000
000000000000100001
000000000000100001
000000000000100001
000000000000000001
000000000000000000
000000000000000000
000000000000000000
000000000000000000
000000000000000000
010000000000000000
010000000000000000
000000000000000000
000000000000000000
000000000000001000
000000000000001000
000000000000001000
000000000000001000
000000000000001000
000000000000001000
000000000000000000
000000000000100000
000000000100100000
000000000100100000
000000000100100000
000000000100100000
000000000100100000
000000000100100000
000000000100100000
000000000000100000
000000000000100000
000000000000100001
000000000000100001
000000000000100001
000000000000100001
000000000000100001
000000000000100001
000000000000100001
000000000000100001
000000000000100001
000000000000000001
000000000000000001
010000000000001101
010000000000000000
010000000000000000
010000000000000000
010000000000000000
010000000000000000
010000000000000000
010000000000000000
010100000100100000
010100000100100000
010100000100100000
010100000100100000
010100000100100000
010100000100100000
010100000100100000
010100000100000000
010100000000000000
010000000000000000
010000000000000000
010000000000000000
010000000001000000
010000000001000000
010000000001000000
010000000001000000
010100000001000000
010100000001000000
010100000001000000
010100000000000000
010100000000000000
010100000000000000
010100000000000000
010100000000000000
010100000000000000
010100000000000000
010100000000000000
010100000000000000
010100000000000000
000100000000000000
000100000000000000
000100000000000000
000100000000000000
000100000000000000
000100000000000000
000100000000000000
000100000000000000
000100000000000000
000100000000000000
000100000000000000
000100000000000000
000100000000000000
000100000000000000
000100000000000000
000100000000000000
000100000000000000
000100000001000000
000100000001000000
000100000001000000
000100000001000000
000100000001000000
