896
001100000001000000
000100000001000000
001100000001000000
001100000001000000
001100000001000000
001100000001000000
001100000001000000
001100000001000000
001100000001000000
001100000001000000
001100000001000000
001100000001000000
001100000001000000
000100000001000000
000100000001000000
000100000001000000
000100000001000000
000100000001000000
000100000001000000
000100000001000000
000100000001000000
000100000001000000
001100000001000000
001100000001000000
001100000001000000
001100000001000000
001100000001000000
001100000001000000
001100000001000000
001100000001000000
001100000001000000
001100000001000000
001100000001000000
001100000001000000
001100000001000000
001100000001000000
001100000001000000
001100000001000000
001100000001000000
001100000001000000
001100000001000000
001100000001000000
001100000001000000
001100000001000000
001100000001000000
001100000001000000
001100000001000000
001100000001000000
001100000001000000
001100000001000000
001100000001000000
001100000001000000
001100000001000000
001100000001000000
001100000001000000
001000000001000001
001000000001000001
001000000001000001
001000000001000001
001000000001000001
001000000001000000
001000000001000000
001000000001000000
001000000001000000
001000000001000000
001100000001000000
001100000001000000
001100000001000000
001100000001000000
001100000001000000
001100000001000000
001100000001000000
001100000001000000
001100000001000000
001100000001000000
001100000001000000
001100000001000000
001100000001000000
001100000001000000
001100000001000000
001100000001000000
001100000001000000
001100000001000000
001100000001000000
001100000001000000
001100000001000000
001100000001000000
001100000001000000
001100000001000000
001100000001000000
001100000001000000
001100000001000000
001100000001000000
001100000001000000
001100000001000000
001100000001000000
001100000001000000
001100000001000000
001000000001000000
001000000001000001
001000000001000001
001000000001000001
001000000001000001
001000000001000000
001000000001000000
001000000001000000
001000000001000000
001100000001000000
001100000001000000
001100000001000000
001100000001000000
001100000001000000
001100000001000000
001100000001000000
001100000001000000
001100000001000000
001100000001000000
001100000001000000
001100000001000000
001100000001000000
001100000001000000
001100000001000000
001100000001000000
001100000001000000
001100000001000000
001100000001000000
001100000001000000
001100000001000000
001100000001000000
001100000001000000
001100000001000000
001100000001000000
001100000001000000
001100000001000000
001100000001000000
001100000001000000
001100000001000000
001100000001000000
001100000001000000
001100000001000000
001100000001000000
001000000001000000
001000000001000001
001000000001000001
001000000001000001
001000000001000001
001000000001000001
000000000000000001
000000000000000001
000000000000000001
000000000000000001
000000000100000001
000000000100000001
000000000100000001
000000000100000001
000000000100000000
000001000100000000
000001000100000000
000001000100000000
000001000100000000
000001000100000000
000001000100000000
000001000100000000
000001000100000000
000001000000001000
000001000000001100
000001010000001100
000001010000001100
000001010000001100
000001010000001100
000001010000001100
000001000000001000
000001000000000000
000001000010000000
000001000110000000
000001000110000000
000001000110000000
000001000110100000
000001000110000000
000001000110000000
000001000110000000
000001000110000000
000001000110000000
000001000110000000
000001000110000001
000001000110000001
000001000110000001
000001000010000001
000001000010000001
000001000010000001
000001000010000001
000001000010000001
000001000010000000
000001000010000000
000001000010000000
000001000010000000
000001000010000000
000001000010000000
000001000010000000
000001000010000000
000001000010000000
000001000010000000
000001000010000000
000001000010000000
000001000110000000
000001000110000000
000001000110000000
000001000110000000
000001000010000000
000001000010000000
000001000010000000
000001000010000000
000001000010000001
000001000110000001
000001000110000001
000001000110000001
000001000110000001
000001000110000001
000001000110000001
000001000110000001
000001000010000001
000000000011000000
000000000000000000
000010110101100000
000000100101100000
000000100101100001
000000100101100001
100000100101100001
100000100101100001
100000100100100001
100000100100100001
000000100000100001
000000100000100001
000000100000100001
000000000000100001
000000000000000001
000000000001000001
000000000001000001
000000000011000001
000000000011000101
000000000111000101
000000000111000101
000000000111000101
000000000110000001
000000000100000001
000000000100000001
000000000100000001
000000000100000001
000000000100000001
000000000100000001
000000000100000001
000000000100000001
000000000100000001
000000000100000001
000000000100000001
000000000100000001
000000000100000001
000000000100000001
000000000100000001
000000000100000001
000000000100000001
000000000100000001
000000000100000001
000000000100000001
000000000100001001
000000000100001001
000000000100001001
000000000100001001
000000000100000001
000000000100000001
000000000100000001
000000000100000000
000000000100000000
000000000100000000
000000000100000000
000000000100001000
000000000100001000
000001011100001000
000001011100001000
000001011100001000
000001011100001000
000001000000001000
000001000000000000
000001000000000000
000001000000000000
000001001000000000
000001001100000000
000001001100000000
000001001100000000
000001001100000000
000001000100000000
000001000100000000
000001000100000000
000001000100000000
000001000100000000
000001000100000000
000001000100000000
000001000100001000
000001000100001000
000001000100001000
000001000100001000
000001000100001000
000001000100000000
000001000100000000
000001000100000000
000001000100000000
000001000100001000
000001000000001000
000001000000001000
010001000000001000
010001000000001000
010000000000001000
010000000000001000
010000000000001000
010000000000001000
010000000000001000
010000000000001000
010000000000001000
010000000000001000
010000000000001000
010000000000001000
010000000000000000
010000000000000000
010000000010000000
010000000010000000
010000000110000000
110000000110000000
110000000111000001
110000000111000001
110000010111001101
110000010111001101
100000010101101101
100000010101101101
100000010101101101
100100010101101100
100100010101101100
100100010101101100
110100010101101100
110100010101101000
110100010101101000
110100000101101000
110100000001001000
110100000001001000
110100000001001000
110100000001001000
110100000001000000
110100000001000000
110000000001000001
110000000001000001
110000000001000001
110000000001000001
110000000101000001
110000000100000001
110000000100000001
110000001100000001
110000001100000001
110000001100000001
010000001100000001
010000001100000001
010000000100000001
010000000101000001
010000000101000001
110000000101000001
110000000101000000
110000000101000000
010000000101000000
010000000101000000
010000000101000001
010000000101000001
010000000101000000
010000000101000000
010000000101001100
010000000100001100
110000000100001100
110000000000001100
110000000000001100
110000000000001100
110000000000001100
110000000000001100
010000000100001100
010000000100001100
010000000100001100
010000000100001100
010000000100001100
010000000100001100
010000001100001100
010000001100001100
000001001100001100
000001001100001100
000001001100001100
000001001100001100
000001001100001100
000011001100001100
000011001100001100
000011001100001100
000011001100001100
000011001100001110
000011001100001110
000011001100001110
000011001100001110
000001001100001110
000001001000001110
000001001000001110
000001001000001110
000001001000000010
000001001000000010
001001001000000000
001001001000000000
001001001000000000
001001001000000000
001001001010000000
001001001010000000
001001001011000000
001001001011000000
001001001011000000
001001001010000000
001001001010000000
001000001000000000
001000001000000000
001000001000000000
001000001000000000
001000001000000000
001000001000000000
001000001000000000
001000001000000010
001000001000000010
001000001000000010
001000001000000010
001000001000000010
001000001000000010
001000001000000010
001000001000000010
001000001000000010
001000001000000010
001000001000000010
001000001000000010
001000001000000010
001000001000000010
001000001000000010
001000000000000010
001000000000000010
001000000000000010
001000000000000010
000000000000000010
000000000000000010
000000000000000010
000000000000000010
000000000000000010
000000000000000010
000000000000000010
000000000000000000
000001000000000000
000001000000000000
000001000000000000
000001000000000000
000001000000000000
000001000000000000
000001000000000000
000001000000000000
000001000000000000
000001000000000000
000001000000000000
000001000000000000
000001000000000000
000001000000000000
000001000000000000
000001000000000000
000001000000000000
000001000000000000
000001000000000000
000001000000001000
000001000000001000
000001001000001000
000001001000001000
000001001000001000
000001001000001000
000001001100001000
000001001100001100
000001001100001100
000001001100001100
000001001100001100
010001001100001100
010001000100001100
010001000000001100
010001000000001000
010001000000000000
010001000000000000
010001000000000000
010001000000000000
000001000000000100
000001000000001100
000001000000001100
000001000000001100
000001000000001000
000000000000000000
000000000000000000
000000000000000000
000000000000000000
000000000000000000
000100000000001000
000100000000001000
000100000000001000
000100000000001000
000100000000001000
000100000000001000
000100000000001100
000100000000001100
000100000000001100
100100000000001100
100100000000001100
100100000000001100
100100000000001100
100100000000001100
100100000000001100
100100000000001100
100100000000001100
100100000000001100
100100000000001100
100100000000001100
100100000000001100
100100000001001100
100100000001001100
100100000001100000
100000000001100000
100000000001100001
100000000001100001
100000000001100001
100000000001001001
100000000001001101
100000000001001101
100000000000001101
100000000000001101
100000000000001101
100000000000001101
101000000000101101
101000000000101101
101000000000101101
101000000000101101
101000100000101101
101000100000101100
101000100000101000
001000100000101000
001000100000100000
001000100000100000
001000100000100000
001000000001100000
001000000001100000
001000000001100000
001000000001100000
001000000001100000
001000000001100000
001000000001100000
001000000001100001
001000100001101001
001000100001101001
001000100001101001
001000100001101001
001000100001101001
001000110001101001
001000110001101000
001000110001101000
001000110001101000
001000110001101000
001000110001101000
001000110001101000
001000110101101000
000000110101101000
000100110101101000
000100110101101000
000100110101101000
000100110101101000
000100110101101000
000100110101101000
000100110101101000
000100110101101000
001000110101111101
001000110101111101
001000110001111101
001000110001111101
001000100001111101
001000100001111001
001000100001111001
001000100101111001
001000100101111001
001000100101111001
001000100101111001
000000100101101001
000000000101001101
000000000101001001
000000000101000001
000001001100000000
000001001100000000
000001001100100000
000001001100100000
000001001100100000
000001001100100000
000011001100000000
000011001100000000
000011001100000000
000011001100000000
000011000100000000
000011000100000000
000001000100000000
000001000100000000
000001000100001000
000001000100001000
000001000100001000
000001000100001000
000001000100001000
000001000100001000
000001000100001000
000001000100001000
000001000100001000
000001000100001100
000001000100001100
000001000100001100
000001010100001100
000001010100001100
000001010100001100
000001010100001101
000001000100001101
000001000100001101
000001000100001101
010000000100001101
010000000100001101
010000000100001001
010000000100001001
010000000100001001
010000000100001001
010000000100001001
010000000100001001
010000000100001001
010000000101000001
010000000101000001
000000000101000001
000000000101000001
000000000101000001
000000000111000101
000000000101000101
000000000101000101
000000000100000100
000000000100000000
010000000100000000
010000000100100000
010000001100100000
010000001100100000
010000011100101000
010000011100101001
000000011100101001
000000011100101001
000000011100101000
000000011100101000
000000011100101000
000000011100001000
000000011100001000
000000011100001000
000000011100001000
000000001100001000
000000001100000001
000000000101110001
000000000101110001
000000000101110001
000000000101110001
000000000101110001
000000000101110001
001000000001100001
001000000001100000
001000000001001000
001100000001001100
000100000001001100
000100000001001100
000100000001001100
000100000001000000
000100000001010000
000100000001010000
000100000001010000
000100000001010000
000100000001010000
000100000001010000
000100000001011000
000100000000111000
000100000000111001
000000010100111001
000000010100111001
000000010110101001
000000010110101001
000000010110101001
000000010110101001
000000010110101001
000000010110101001
000000010110101001
010000010110101001
010000010110101001
010000010110101001
010000010100101001
010000010100001001
010000010100001001
010000010100001001
010000010100001001
010000010100001001
010000010100001000
010000010100001000
010000000100001000
010000000100001000
010000000100001000
010000000100000000
010000000000000000
010000000000000000
010000000000000000
010000000000000000
010000000000000100
010000000000000100
010000000000001100
010000000100001100
010000000100001100
010000000100001100
010000000100000100
010000000100000000
000000000100000000
000000000100000000
000000000100000000
000001000100000000
000001000100001100
000001000100001100
000001000100001100
000001000100001100
000001000100001100
000000000100001000
000000000100001000
000000000100001000
000000000100001001
100000010110101001
100000010011101101
100000010011101101
100000010011101101
100000010011101100
100000010011101100
100000010011101100
100000000011101100
100000000011110000
100100000011110000
100100000011110000
100100000011110000
100100000011110000
100100000011101100
100100010011001100
100100010011001100
100100010111001100
100100010111001000
100100010111000000
100100010111000000
100000010111000000
100000110111000001
100000110111000001
100000100011000001
100000000011011001
100000000011011000
100000000011011000
100000000001011000
000000000001011100
000100000001011100
000100000001011100
000100000001011100
000100000001001000
000100000001001000
000100000001001000
000100000001001000
000100000011001000
000100000011110000
000100000011110000
000100000011110000
000100000011110000
000100000001110000
000100000001110000
000100000001110000
000100000001111000
000100000001111000
000100000011111000
000100000011110000
000100000011111000
000100000011111000
000100000011111000
000100000011010000
000100000011011000
000100000011011000
000100000011011000
000100000011011000
000100000011000000
000100000011000000
000100000011100000
000100000011100000
000100000011100000
000100000011100000
100100000011100000
100100000011101100
100100000011101100
100100000011101100
100100000011101100
100100000011101100
100100000011101000
100100000000101000
100100000000101000
100100000000101000
100100000000101000
100100000000100000
100100000000100000
100100000001100000
110100000001100000
110100000001100000
100100000001000001
100100000001000101
100100000001001101
100100000001001101
100100000001001100
100100000001001100
100100000001000100
100100000001000000
000100000001100000
000100000001100000
000100000001100000
000100000001100000
000100000001101000
100100000001101000
100100000001101000
100100000001101000
100100000011101100
100100000011101100
101000000011101101
101000000011101101
101000000011100001
001000000011100001
001000000011100001
001000000001100000
001100000001100000
001100000001101000
001100000001101000
001100000001101100
001100000001101100
001100000001101100
001100000001101100
001100000001101000
001100000001101000
000100000001101000
000100000001101000
000100000001101000
000100000001101000
001100000001101000
001100000001101000
000100000001101000
000100000001101100
000100000001101100
100100000001101100
100100000001001100
100100000001001100
100100000001001100
110100000001001100
110100000001001100
110100000001001100
111100000001001100
111100000001001100
111100000001001100
110100000001001100
110100000001001100
110100000001001100
110100000001001100
110100000001101100
110100000001101000
110100000001101000
110100000001101000
110100000001101000
110100000001101000
110100000001101000
110100000001101000
110100000001101000
110100000001101000
110100000001101000
110100000001101000
110100000001101100
110100000001101100
110100000001101100
110100000001101100
110100000001001100
110100000001001100
110100000001001100
110100000001001100
110000000001001101
110000000001001101
010000000100001001
010000000100001001
010000000100001001
010000000100001001
010000000100001101
010000001100001100
010000001100001100
010000001100001100
010000001100001100
