3909
000010010110001000
100011010110001000
100011010110001100
100011010110001100
100001010110001100
100001010110001000
100000010110001010
100000010110001010
101000010110001010
101000010110001010
001000110110001000
001000110110001100
001100110110001100
001100110110001100
001100110110001100
001100110110001100
001100110110001100
001000110110001101
001000110110001101
001010110100001101
001010110100001001
001010110100001001
001010110100001001
001010110100001001
001010110010001001
001010110010001001
001010110011001001
001000110011001001
001000010011001001
001000010011001001
001000010011001001
001000010011001001
001000010011001001
001000010011001001
001000010011000001
001000000011000001
001000000011000001
001000000011000001
001000000000000001
000000000000001101
000000000000001101
000000010000001100
000000010000001100
000000010000001100
100000010000001100
100000010000001100
100000000000001100
100000000000001100
100000000000001100
100000000000001100
100000000000001100
100000000000001110
100000000000001110
101000000000001110
101000000000001110
101000000000001110
101000000000001110
101000000000001100
001000000000001100
001000000000000100
001000000000000000
001000000000000000
000000000000000000
000000000000000000
000000000000000100
000000000000000100
000000000000000100
000000000000000100
000000000000000100
000000000000001101
100000000000001101
100000000000001101
100000000010001101
100000000110001101
100000000110001100
110000000110001100
110000000110001100
110000000110000000
110000000110000000
010000000010000000
010100000010000000
110100000000000100
110100000000001100
110100000000001100
110100000000001100
100100000000001100
101100000000001100
101100000000001100
101100000000001100
101000000000001101
001000000000001101
001000000000001101
001000000000001101
001000010000001101
001000010000001101
001000010000001101
001000010001001101
001000000001001001
001000000001000000
001000000011000000
001000000011000000
001000000011000001
001000000011000000
001000000011001001
001010010011001001
001010010000001001
001010010000001001
001010010000001001
001010010000001001
001010010000001001
001010010000001001
001010010000001001
001010010000001001
001010010001001000
001010010001001000
001000010001001000
001000000001000000
001000000011000000
001000000011000000
001000000011000000
001000000011000000
001000000011000000
000000000001000000
000000000001000000
000000000000000000
000000000000000000
000000000000000000
000000000000000000
000000000000000000
000000000000000000
000000000000000000
000000000001000000
000000000001000000
000000000001000000
000000000011000000
000000000010000001
000000000010000001
000000000000001101
000000000000001101
000000000000001100
000000000000001100
001000000000001100
001000000000001100
001000000000001100
001000000000001100
001000000000001100
001000000000001100
001000000000001100
001100000000001100
001100000000001100
001100000000000100
001100000000000000
001100000000000000
001100000000000000
001000000000000000
001000000000000000
001000000000000001
001000000001000001
001000000001001001
001000000011001001
001000000011001001
001000000011001001
001000110000001001
001010110000001001
001010110000001001
001010110000001001
001010000000001001
001000000000001001
001000000000001001
001000000000001101
001000000000001101
001000000000001101
001000000000001100
001000000000001100
001000000000001100
001000000000001100
001100000000001100
001100000000001100
001100000000001100
001100000000001100
001100000000001100
001100000000001100
001100000000001100
001100000000001100
001100000000000100
001100000000000100
001100000000000100
001100000000000100
001100000000000100
001000000000001100
001000000000001100
001000000000001101
001000000000001001
001000000000001001
001000000000001001
001000000000001001
001000000000001001
001000000000001001
001000000000001001
001000010000001101
001000010000001100
001000010000001100
001000010000001100
001000000000001100
001000000000001100
001000000000001100
001000000000001101
001000000000001101
001000000000001101
001000000000001101
001000000000001100
001000000000001100
001000000000001100
001000000000001100
001000000000001100
001000000000001100
001000000000001100
001000000000010100
001100000000010100
001100000000010100
001100000000010100
001100000000011100
001100000000011100
001000000000001100
001000000000001100
001000000000001100
001000000000000100
001000000000000100
001000000000000100
001000000000000100
001000000000000100
001000000000001100
001000000000001100
001000000000001101
001000010000001101
001000010000001101
001000010000001101
001010010000001001
001010010000001001
101010010000001001
100010010000001000
100010010000001000
100010010000000000
100000010001000000
100000010001000000
100000010001000000
100000010001000000
100000010001000000
100000000001000000
000000000000000000
000000000000000000
000000000000000000
000000000000000000
000000000000000000
000000000000000000
000000000000000000
000000010000000000
000000010000001000
000000010000001000
000000010000001000
000000010000101000
000000010000101000
000000010000101100
000000010000101100
000000010000001001
000000110000001001
000010110000001001
000010110000001001
000010110000001001
000010110000001001
000010110000001001
000010110000001001
000000010000001001
000000010000001001
000000010000000001
000000010000000001
000000010000000001
000000010000000001
000000010000000001
000000010000000001
000000010000000001
000000010000000001
000000010000000001
000000010000000001
000000010000000001
000000010000000001
100000010000001101
110000010000001100
110000010000001110
110000010000001110
111000000000001110
111000000100001110
111000000100001110
101000000100001010
101000001100001010
101000001100001000
101000000100001000
101000000100001000
000000000100101000
000000000100101010
000000001100100010
010000001110000010
010000001110000010
010000001110000010
110000001110000010
110000001110000110
110000001010001110
110000001010001110
110000010010001110
010000011010001110
010000011010001010
010000011010000010
010000011010000010
010000011010000010
010000011010000010
010000011010000010
110000011010000010
110000011010000010
111000001000000010
111000001000000010
110000001000000010
110001001000000010
110001001000000010
110001001100000010
110000000100000010
110000000110000010
110000000110000111
110000000110000111
100000000010000101
100000000010000100
000000000010000100
000000000010000100
000000010010000101
000000010010101101
000000010010101101
000000010010101101
000000110010101001
000000110010101001
000000110010101001
000000110010101001
000000110000100001
000000000000100001
000000000000100000
000000000000000000
000000000000000000
000000000000000100
000000000000001100
000000000000001100
010000000000001100
010000000000001100
010000000000001100
010000000000001100
010000001010001100
010000001010001100
000000001110001100
000000001110001110
000000001110001110
000000011110001100
110000011110001100
110000011110001110
110000011110001110
110000010100001110
110100010100001110
110100010000001100
110100000000001100
100100000000001100
100100000000001100
001100000000001100
001100000000001100
001100000000001100
001000000000001100
001000000000001101
001000000011001101
001000000011001001
001000000011000001
001000000011000001
001000000001000000
000000000001000000
000000000001000000
000000010001000000
000000010001000000
000000010001000000
000000010001000000
000000010001000000
001000010001001000
001000010000001000
001000010000001000
001000010010001000
001000010010001000
101000010010001000
101000010010001000
101000010011001000
101000010011001000
101000010011001000
101000000011001000
101000000011001000
101000010010001000
101000010000001001
101000010000001001
101010010000001101
100010010000001101
100010010000001101
100010010000001101
000010110001001001
000010110001001001
000010110001001001
000010110001001001
000010010001001001
000000010001001001
000000010001001001
001000010001001001
001000010001001001
001000010001000001
001000010001000001
001000010001001001
000000010011001001
100000010011000000
100000010011000000
100000010011000000
100000000011000000
100000000011001000
100000000011001000
100000000010000000
101000000010000000
101000000010000000
101000000010000000
101000000011000000
101000000001000000
101000010001000000
101000010001000000
100000010001000000
100000010001000000
100000000001000000
100000000001000000
100000000001000000
110000000001000000
110000000000000000
110000000000000000
110000000000000000
100000000000000000
100000010000000000
100000010000000000
100000010000000000
100000010000000000
100000000000000000
000000000001000000
000000000001000000
000000000001000000
000000000001000000
000000000001000000
000000000001000000
000000000001000000
000000000001000000
000000000001000000
000000010001000000
000000010001001000
001000010011001100
001000010011001100
001000010011001100
001000000011001100
001000000010000000
001000000010000000
001000000000000000
001000000000000000
001000010000001000
000000010000001000
000000110000001000
000000110000001000
000000110000001000
000000110000001000
000000010000001000
000000010000001000
000000010000001000
000000010000001000
000000010000000000
000000010000000000
000000010000000000
000000010000000000
000000010000000000
000000010000000000
000000010000000000
000000010000000000
000000010000000000
000000010001001000
000000010001001100
000000110001001100
001000110001001100
001000110000001101
001000110000001101
001000110000001101
000000010000001101
100000010000001101
100000010000101001
100000011000100001
100000011010000010
100000011011000010
100000001011100010
100000000111100010
100000000111100010
100000000110000010
100000000110000010
100000000110000011
100000000110000011
000000000000001001
000000000000001101
000000010000001101
000000010000001101
000000010000001101
001000010000001101
001000010000001100
000000010000001000
000000010000001000
000000010000001000
000000010000001000
000000010000001000
000000010000001101
100000010000001101
110000010000001101
110000010000001101
110000010110001101
110000010110001001
100000010110001000
100000010110001000
100000010110001010
100000010110001010
100000010110001010
100000010110001010
100000010110001010
100000010110001010
100000010110001010
100000010110001010
100000010110001110
100000010110001111
100000010100001111
100000000000001111
000000000000001001
000000000000001001
000000000000001001
001000000000001001
001000000000001001
001000000000001001
001000000000101001
001000000000101001
000000000000100001
000000000000100001
000000000000100001
100000000000100001
100000000100000101
100000000100000101
100000010110000101
100000010110001101
100000010110001001
100000010110001001
100000010110001001
100000010110001001
100000010110001101
110000010110001101
110000010110001101
110000010110000101
110000010110000001
110000010110000001
110000010110000000
110000010110000000
000000011010000000
000000011010000000
000000011010000010
001000011010000010
001000010010000010
001000010010000010
001000010010000010
001000000010000010
000000000010000010
000000000010000010
100000000010000010
100000000010000010
110000000010000010
110000000010000010
110000000010000000
110000000010000000
100000000010000000
000000001010000000
000000001010000010
000000001010000010
000000001010000010
000000001010000010
000000001010000010
000000001010000010
000000001010000010
000000001010001010
000000001010001010
000000000010001010
000000011010001010
000000011010001010
000000011110001010
000000011110001010
000000011110000010
000000001110000010
000000001110000010
000000001010000010
000000000010000011
000000000000000001
000000000000000001
001000000000000001
001000000000000001
001000000010000001
001000000001000001
001000000001000000
001000000001000100
001000000000000100
001000000000000000
000000000000000000
000000000000000000
000000000000000000
000000000000000000
000000000000000000
000000000001000000
001000000001000000
001000000001000000
001000000001000000
001000000001000000
001000000001000000
001000000001001000
001000010001001100
001000010001001100
001000110001001000
001000110001001000
001000110001001000
001000110001001000
001000110001000000
001000010001000000
001000010011000000
001000000011000000
001000000011000000
001000000011001100
001000000011001100
001000000010001100
001000000010001100
001000000010001100
001000000010001100
001000000010000000
000000000010000000
000000000010000000
000000000010000000
001000000010000000
001000000000000100
001000000000001100
001000000000001100
001000000000001101
001000010000001101
001000010000001101
001000010000001101
001000010000000001
001000010000000000
000000010000000000
000000010000000000
000000010000000000
000000010000000000
000000010000000000
000000000000000000
000000000000000000
000000000000000000
000000000000000000
000000000000000000
000000000001000000
000000000001000000
000000000001000000
000000000001000000
000000000001000000
000000000001000000
000000000001000000
000000000001000000
000000000001000000
000000000001000000
000000000001000000
000000000001000000
000000010001000000
000000010001000000
000000010001000000
000000010001000000
001000000011000001
001000000010000001
000000000000000001
000000110000000001
000000110000000001
000000110000000001
000000110000000001
000000110000000001
000000110000000000
000000110010000000
000000010011000000
000000010011000000
000000010010000000
000000000011000000
000000000010000000
000000000010000000
000000000010000000
001000000000000000
001000000000000000
001000000000000000
001000000000000000
001000000001000000
001000000001000000
001000000001000000
000000000001000000
000000010000001000
000000110000001000
000000110000001000
000000110000001000
000000110000001000
000000110000000000
000000110011000000
000000010011000000
000000010011000000
000000010011000000
000000010001000000
000000010001000000
000000000011000100
000000000011001100
000000000011011110
110000000011011110
110000000000011110
110000000010011110
110000000010011110
110000010010001110
000100010010001100
000100010110001100
000100010110001100
000100010110001100
000100010110001100
000100010110001100
000100010110001100
000100000110001110
100000000110000111
100000000010000111
100000000000000111
100000000000000111
101000000000001101
001000000000001001
001000000000001001
001000000000001001
001000000000001001
001000010000001001
001000010000000001
001000010000000001
001000010000000001
001000010000000001
001000010000000001
001000010000000001
000000010000000001
000000010000000000
000000000000000000
000000000001000000
000000000001000000
000000000001000000
000000000001000000
000000000001000000
000000000001000000
000000000001000000
000000000001000000
000000000001000000
000000000001000000
000000000001000000
000000000001000000
000000000001000000
000000010001000000
001000010001000000
001000010001001000
001000010001001000
001000000001001000
001000000011001000
001000000011000000
001000000011000000
001000000011000000
000000000011000000
000000000011000000
000000000011000000
000000000011000000
000000000011000000
000000000011001100
000000000011001100
000000000001001100
000000000001001100
000000000001001100
000000000001001100
000000000000001100
000000000000001100
000000000000001100
000000010000001100
000000010000001100
000000010000001100
000000010000001100
000000010000001100
100000010001001100
101000010001001100
101000010001000000
101000010001000000
101000010001000000
101000010001000000
101000010001000000
101000010001000000
101000010001000000
101000000001000000
101000000001000000
101000000001000000
101000000001000000
101000000001000000
100000000001000000
100000000001000000
000000000001000000
000000000001000000
000000000001000000
000000000001000000
000000000001000000
000000000001000000
000000000001001000
000000000001001000
000000010000001000
000000000000001000
000000000000001000
000000000000001000
000000000000001000
000000000000001000
000000000000001000
000000000000001000
001000000000001000
000000010010001001
000000010010001101
000000010110001101
000000010100001101
000000110100001001
000000110100001001
000000110100000001
000000110100000001
000000110100000001
000000010100000001
000000010100000001
000000010100001001
000000010000001101
000000010000001101
000000010000001101
000000010000001101
001000010000001101
001000010000001101
101000010000001101
101000010000001100
111000010000001000
111000000001000000
111000000001000000
110000000001000000
110000000001000000
110000000011000000
110000000011000000
110000000011000000
110000000011000000
110000000011000000
110000000010000000
110000000010010000
110000000010010000
100000000010010000
000000000010010000
000000000011000000
000000000011000000
000000010011000000
010000010011000000
110000010011000000
110000010011000000
110000010011000000
110000010011000000
110000010001001000
110000000001001000
110000000001001000
110000000001001100
110000000001001100
110010000001001100
110010000001001100
110010000001001100
110010000001001100
110010000001001100
110000000001001100
110000000001001100
110000000001001100
110000000000001000
110000000000001000
100000000000000000
100000000001000000
100000000001000000
100000000001000000
100000000001000000
000000000001001000
001000000001001000
001000000011001000
001000000011001000
001000000011011000
001000000011011000
001000000011011000
001000000011011000
001000000011011000
001000000011011000
001000000011011000
001000000011001000
001000010011001000
001000010011001000
001000010011001000
001000010011001000
101000110011011000
101000110011011000
101000110011011000
101000110011011000
100000010011001000
100000010011001000
100000010011001000
100000010011001000
100000010011001000
100000010011000000
100000010011000000
110000000011000000
110000000011000000
110000000011000000
110000000011000000
110000000011000000
110000000011000000
110000000011000000
110000000011000000
110000010011000000
110000010001000000
110000010000001100
110000010000001100
110000010000001100
110000010000001100
110000010000001100
110000010000001100
110000010000001100
110000010000001100
110000000000001100
110000000000001100
110000000100001110
110000000100001110
110000000100000110
110000000100000110
110000000101000111
110000000101000111
110000000101000111
110000000111000111
100000000011000101
000000000011000001
000000000011000001
000000000011000000
000000000011000000
000000000011000000
000000000011000000
010000000011000000
010000000011000000
010000000011000000
010000000011000000
010000000011000000
000000000011000000
000000000011000000
000000000011001001
001000000011001001
101000010011001001
101000010011001001
101000000011001001
101000000011001000
101000000001000000
100000010001000000
100000010001000000
100000000011000000
100000000001000000
100000000011000000
100000000011000000
110000000011000000
110000000011000000
110000000011000000
110000000011000000
110000000011000000
110000000011000000
110000000011000000
110000000011000000
110000000001000000
110000010000000000
110000010000000000
110000010000000000
110000010000000000
110000010000000000
110000000000000000
110000000000000000
110000000000000000
110000000000000000
110000000000000000
100000000000001000
100000000000001000
100000000000000000
100000000000000000
100000000001000000
100000000001000000
110000000001000000
110000000011000000
110000000011000000
110000000011000000
110000000010000000
110000000010000000
110000000010000000
110000000010000000
010000000010000000
010000000010000000
010000000010000000
010000000010000100
110100000000001100
110100010000001100
110100010000001100
110100010000001100
100100010100001100
100100010100001100
100100010100001100
100100010100001100
100100010000001100
100100010000001100
100100010000001100
000100010000001100
000000010000001001
000000010000001001
000000010000001001
000000010000001001
000000010000001001
000000010000001001
000000010000001001
000000010000001001
000000010000000000
000000000000000000
000000000001000000
000000000001000000
000000000001000000
000000000001000000
000000000001000000
010000000001000000
110000000001000000
110000000000000000
110000000000000000
110000000000000000
110000000000000000
110000000000000000
110000000001001000
110000000001001000
100000010001001000
100000010001001000
100000010001001000
100000010001001000
100000010001001000
100000010001001000
100000010001001000
100000010001001000
100000010001001000
100000010001001000
110000010001001000
110000010001001000
110000010001000000
110000010001000000
110000010001000000
110000010001000000
010000000000000000
010000000001000000
010000000001000000
000000000001000000
000000000000000000
000000000000000000
000000000000000000
000000000000000000
000000000000000000
100000000000000000
100000000000000000
100000000000000000
100000000000000001
100000000001000001
101000000001000001
101000000001000001
101000000001000000
101000000001000000
101000000001000000
101000010001000000
101000010001000000
101000010001000000
101000010001000000
101000000001001000
101000000001001000
101000000001001000
101000000011001000
101000000011001000
101000000011001000
101000000011001000
111000000011001000
110000000011001000
110000000011001000
110000000011000000
110000000011000000
110000000011000000
110000000011000000
110000000011001000
110000010001001000
010000010001001000
010000010001001000
010000010001000000
010000010000000000
010000010000000000
010000010000000000
010000010000000000
010000010000000000
010000010000000000
010000000000000000
010000000000000000
000000000000000000
000000000000000000
000000000010001100
001000000010001100
001000000010001100
001000010010001100
001000010010001100
001000010010001100
001000010010001100
001000010000001100
001000010000001000
000000010000001000
000000010000000000
000000010000000000
000000010000000000
000000010000000000
000000010000000000
010000010000000000
010000010000000000
010000010000000000
010000010001000000
010000010001000000
000000010001000000
100000000011000000
101000000011001000
101000000011001000
101000000011001000
101000010011001000
101000010011001000
101000010011001000
101000010011001000
101000010011001000
101000010011000000
001000010011000000
001000010011000000
001000000011000000
001000000011000000
001000000001000000
001000000001000000
000000000001000000
000000000001000000
000000000000000000
000000000000001000
000000000000001000
000000010000001000
101000010000001101
101000010000001101
101000010000001101
100000010000001101
100000010000001101
110000000000001100
110000000000001100
110000000000001100
110000000000001100
110000010000001100
110000010000001101
110000010000001101
110000010000001101
110000010000001101
110000010000001101
110000010000001111
000000010010001110
000000010010001110
000000010010001110
000000011010001110
000000001010001110
001000001010000110
001000001010000110
001000000010000110
001000000010000110
001000000010000110
000000000010000110
000000000000000110
100000000000000110
100000000010000110
110000000010000110
110000000000000110
110000000000000100
110000000000000101
110000000000000101
100000000000000100
100000000000001101
100000000000001101
100000000000001100
100000000000001100
000000000000001100
000000000000000100
000000000000000100
000000000000000100
000000000000000100
000000000000001100
000000000000001100
001000000000001100
001000000010001100
001000000010001100
001000000010001100
100000000010001100
000000000010000100
000000000000000100
100000000000000100
100000000000000100
000000000000000100
000000000000000100
000100000000000100
010100000000000100
000100000000001100
010100000000001100
010100000000001100
010100000000001100
010100000000001100
110100000000001100
110100000000001100
110100000000001100
110100000000001100
110100000000001100
110100000000001100
110100000000001100
110000000000000101
110000000100000101
110000000100000101
110000000100000101
110000000000010011
110000000000010011
110000000000010011
110000000000010011
110000000010010111
110000000010010111
110000000010010101
110000000010000101
110000000000000101
110000000000000100
110000000100000000
110000000100000000
110000000100000000
110000000100000000
110000000100000000
110000000100000000
110000000000000000
110000000000000000
110000000000000000
110000000000000000
110000000100000001
110000000100000001
110000000100000101
110000000100000101
100000000000000101
000000000000000101
000000000000000101
001000000000000101
001000000000000101
001000000000001100
001000000000001100
001000000000001100
000000000000001100
110000010000001100
110000010000001000
110000010000001000
110000010000001000
110000010000001000
111000010000001100
001000010010001100
001000000010001100
001000000010001100
001000000010001100
001000000000001100
001000000000001000
001000000000001000
001000000000001000
001000000000001000
001000000000000000
001000000001000001
001000000001000001
101000000001000001
101000000001000001
101000000001000000
101000000001001000
101000000001001000
101000000000001000
101000000000000000
101000000000000000
101000000010000000
101000000011000000
101000000011000000
101000000011000000
101000010011000000
101000010011000000
101000010011000000
101000010011000000
101000010011000000
101000010011000000
101000010010001000
101000010010001100
101000010010001100
101000010010001100
001000000010001100
001000000010001100
001000000010001100
001000000010001100
001000000010001100
001000000010001100
001000000010001101
001000000010001101
001000000010001101
001000000010001101
001000000000001101
001000000000001100
001000000000001000
001000000000001000
001000000010001000
001000000010000000
001000000010000000
001000000010000100
001000000010000100
001000000010001100
001000000010001100
001000000010001100
001000000010001100
001000000010001100
001000000010000000
001000000010000000
001000000010000000
001000000010000000
001000000010000000
001100000010000000
001100000010000000
001000000010000000
001000000010000000
001000000010001000
001000000000001101
101000000000001101
111000000000001101
111001000000001111
111001001000001110
111001001000001110
111001001000001110
111001001000001110
101000001000001110
101000001000001110
101000001010001110
001000001010001110
001000001010000010
001000001010000010
001000001010000010
001000001010000010
000000001010000010
100000001010000010
100000001010000010
100000001010000010
100000011010000010
100000011010001010
000000011010001010
100000011010001010
100010010110001110
100010010110001110
100010010100001110
110010010100001110
111011010100001111
111011010100001111
111011010000001101
111000010000001101
101000000000001101
100000000000001101
000000000000001101
000000000000001101
000000000000001101
000000000000000101
000000000000000001
000000000000000001
010000000010000001
010000000010000000
010000010010000000
110000010010000000
110000010010000000
000000010110100001
000000010110100001
100000000110100001
100000000111100001
101000000111100001
101000000111100000
001000000111100000
001000000011000000
001000000011000000
001000000011000000
001000000011000000
001000000011000000
001000000011001100
001000000011001100
001000000011001100
001000000011001100
001000000011001101
000000000000001101
000000000000001101
100000000000001101
110000010000001000
110000010010001000
110000010110000000
110000010110001000
110000010110001000
110000010110000000
010001011110000010
010001011110000010
010001011110000010
010001011110001110
010001011110000010
010001011110000110
010000000100001110
000000000100001101
001000000000001101
001000000000001101
001000000000001101
001000000000001101
001000000000001101
001000000000001100
001000000000001100
001000000010001100
000000000010001100
000000000010001100
000000000010001100
000000000011000000
000000000011000000
000000000011100000
000010000011100000
010010000011100000
010010000001100000
010010000001100000
010010000000001000
010000000000001000
000000000000001000
000000000000001000
000000000000001100
001000010001001101
001000010001001101
101010010001101101
101010010000101101
101010010001101101
101010010001101000
100000010011101000
100000010011000000
000000010011000000
000000010011000000
010000010011000000
010000010011000000
010000010001000000
010000010001000000
010000010001000000
010000010001000000
010000010001000000
110000000001001000
110000000001001000
110000000001001000
110000000001001100
110000000000001100
110000010000001100
110000010000001100
100000010000001100
100000110000001101
100000110000001101
100000110000001101
100000110000001101
100000010000001001
110000000000000000
000000000000000000
000000000000000000
000010000000000000
000010000000000000
000010000011000000
001010000011000000
001000000011000000
001000000011000000
001000000010000000
001000000011000000
001000000011000000
001000000011000000
001000000011000000
001000000011100000
001000000011100010
001000000011100010
001000000010100010
001000000010100010
001000000010100010
001000000010100010
001000000010000010
001000000010000010
001000000010000000
001000000000000000
001000000000000000
001000000000000000
001000000000000000
001000000000000000
001000000000000000
001000000010000000
001000000010000000
001000000010000000
001000000011100000
001000000011100100
001000000011100100
001000000011101100
001000000000001101
101000000000001101
101000000000001101
101000000000001101
101000000000001101
101000000000001101
101000000000001101
101000000000001101
001000000000000101
001000000010100101
001000000010100101
001000000010100101
001000000010101101
001000000010001101
001000000010001101
001000000010001101
001000000010001100
001000000010000100
001000000010000100
001000000010000100
001000000010000000
000000000000000000
000000000000000000
000000000000000000
000000000000000100
001000000000000100
001000000000000100
001000000000000100
001000000000000100
001000000000000000
000000000000000000
000000000000000000
000000000000000000
000000000000000000
000000000000000000
000000000000000000
000000000000000000
000000000000000000
000000000000000000
000000000000000000
000000000000000000
001000000010000000
001000000010000000
001000000010000000
001000000010000000
001000000010000000
000000000010000000
000000000010000000
000000000000000000
000000000000000000
000000000000000000
001000000000000000
001000000000000000
001000000011000000
001000000011000000
001000000011000000
001000000011000000
000000000011000000
000000000011000000
000000000011000000
000000000011000000
000000000010000000
000000000010000100
000000000010000100
000000000000101100
000000000000101101
000000000000101101
000000000000101001
000000000000101101
000000110000001001
000000110000001001
000000110000001001
000000110001001001
001000110001001001
001000010001100001
001000010001100001
101000010011100001
101000010001100001
101000000001100001
101000000001100001
101000000001100000
101000000001100000
100000000001000000
100000000001000000
100000000001000000
100000000001000000
100000000001000000
000000000001000000
000000000001000000
000000000001100000
000000000001100000
000000000001100000
000000000001100000
000000000001100000
000000000001100000
000000000001100000
000000000001100000
000000000001100000
000000000001100000
000000000001100000
000000000001100000
000000000001100000
000000000001100000
000000000001100000
000000000001100000
000000000001100000
000000000001000000
000000000001000000
000000010001001000
001000010001001000
001000010001001100
101000010001001100
101000010001001100
101000010000001100
101000010000001100
100000010000001100
100000010000001100
000000010000101000
000000000000100000
000000000000100000
000000000000100000
000000000000100000
000000000000000000
000000000000000000
000000000000000000
000000000000000000
000000000000000000
000000000000000000
000000000001100000
000000000001100000
000000000001100000
000000000001100000
000000000001000000
000000000001000000
000000000001000000
000000000001000000
000000000001000000
000000000001000000
000000000001000000
000000000001000000
000000000001000000
000000000000000000
000000000000000000
001000000000000000
001000000000000000
001000000000000000
001000000000000000
001000000000000000
001000000000000000
000000000000000000
010000000000000000
010000000000000000
010000000000000000
010000000000000000
010000000000000000
010000000000000000
010000000000000000
010000000000000000
010000000000000000
000000000000000000
000000000011100000
000000000011100000
000000000011101000
100000000011101000
100000000001001000
100000000001001000
100000000001000000
100000000001000000
110000000001000000
110000000001000000
010000000001000000
000000000001000000
000000000001000000
000000000001000000
000000000001000000
000000000001000000
000000000001000000
000000000001000000
000000000001000000
000000000011000000
000000100011010000
000000100011010000
000000100011010000
000000100011010000
000000100011010000
100000000011000000
101000000001000000
101000000001000000
101000000001000000
101000000001000000
101000000001000000
101000000001000000
101000000001000000
001000010001000000
001000010001000000
001000010001000000
001000010001000000
001000000001000000
001000000001000000
101000000001001100
101000000011001100
100000000011001100
100000000010001100
000000000010000000
000000000010000000
000000000010000000
000000000010000000
000000000000000000
000000000000000000
000000000000000000
000000000000000000
000000000000000000
000000000001000000
000000000001000000
000000000001000000
000000000001000000
000000000001000000
000000000001000000
001000010000001000
001000010000001000
001000010000001000
001000010000001000
000000000000001000
000000000000000000
000000000000000000
000000000000000000
000000000001000000
000000000001000000
000000000001000000
000000000001000000
000000000001000000
000000000001000000
000000000001000000
000000010001000000
001000010001001000
001000110001001000
001000110001001000
001000110001001000
001000110001001000
001000010001001000
001000010011001000
001000000011000000
001000000011000000
001000000011000000
001000000011001000
001000000011001000
001000000010001000
001000000011001000
001000000000001000
000000000000001000
000000000010000000
000000000010000000
000000000011000000
001000000011000000
001000000011000001
001000000011000001
001000000011000001
001000000001000001
001000000001000001
001000000001000001
000000000001000000
000000000000000000
000000000000000000
000000000000000000
000000000000000000
000000000000000000
000000000000000000
001000000000000000
001000000000000000
001000000000000000
001000000000000000
001000000000000000
001000000000000000
001000000000000000
001000000000000000
001000000000000000
001000000000000000
000000000000000000
000000010000001000
000010010000001000
000010010000001000
000010010000001000
000010010000001000
000010010000001000
000010010000001000
000010010000001000
000000010000001000
000000010000000000
000000010000000000
000000010000000000
000000010001000000
000000000001000000
000000000001000000
000000000001000000
000000000001000000
101000000001000000
101000000001000000
101000000001000000
101000000001000000
001000000001000000
001000000001000000
001000000001000000
000000000000000000
000000000000000000
000000000000100000
000000000000100001
000000000000100001
000000000000100001
000000000000100001
000000000000100001
000000000000100001
000000000000100000
001000000001000000
001000000001000000
001000000001000000
001000000001000000
001000000001000000
001000000001000000
001000000001000000
001000000001000000
001000000001000000
001000000001000000
101000000001000000
101000000001000000
101000000001000000
101000000001000000
101000000001000000
101000000001000000
101000000001000000
101000000001000000
101000000001000000
101000000001000000
101000000001000000
101000000001000000
101000000001000000
101000000001000000
101000000001000000
101000000001000000
101000000001000000
101000000001000000
101000000001000000
101000000001000000
101000000001000000
101000000001000000
101000000001000000
101000000001000000
101000000001000000
101000000001000000
000000000001000000
000000000001000000
000000000000000000
000000000000000000
000000000000001100
010000000000001100
110000000000001100
110000000000001100
110000000100001100
110000000100001001
110000000100001001
110000000100000001
110000000100000001
110000000010000001
110000000010000001
110000000010000011
110000000010000011
110000000010000011
010000000010000011
010000000010000011
010000000010000011
010000000010000011
010000000010000011
010000000010000011
010000000010000011
010000000010000011
010000000010000011
110000000010000011
110000000110000001
110000000110010001
110000000100010101
110000000100011101
110000000100011101
110000000100001101
110000000100001101
110000000110001101
110000000110001101
110000000110001101
110000000110100001
110000000110100001
110000000110100001
110000000110100001
110000011110000001
110000011110000001
110000011110000001
110000011110000001
110000011110000001
110000011110000000
110000011110000000
110000011110001000
110000010110001100
110000010110001100
110000010110001100
110000010110001100
110000000110000000
110000000110000010
110000000110000010
110000000110000010
110000000110000010
110000000110001110
110000000100001111
000000000100001111
001000000000001101
001000000001001001
001000000001001001
001000000001000001
001000000001000000
001000000001000000
001000000001000000
001000000011000000
001000000011000000
001000000011000000
001000000011000000
000000000011000000
100000000011000000
100000000001000000
110000000001000000
110000000001000000
110000000001000000
110000000001000000
110000000001000000
110000000001000000
110000000001000000
110000000001000000
110000000000000000
110000000000000000
110000000000000000
110000000000000000
110000000000000000
110000000000000000
110000000000000000
110000000000000000
110000000001000000
110000000001000000
110000000001000000
100000000001000000
100000000000000000
000000000000001000
001000010000001100
001000010000001100
001000010000001100
001000010000001100
111000000000001000
111000000001000000
111000000001000000
111000000001000000
110000000001000000
110000000001000000
110000000001000000
110000000001100000
010000000001100000
010000000001100000
000000000001100000
000000000001100000
100000000001100000
100000000001000000
110000000001000000
110000010001000000
110000010001000000
110000010001000000
110000010001000000
110000010001100000
110000011000101000
110000011000101000
110000011000101000
110000011000101000
110100010000001100
110100010000001100
110100010000001100
110100010000001100
110100000000001100
110100000000001100
110100000000001100
110100000000001100
110100000000001100
110100000000001100
110100000000001100
110000000000001100
111000000001001110
111000000001001110
111000000001001110
111010000001001110
111000000001001110
101000000001001110
101000000001001100
101000000001000000
101000000001000000
101000000001000000
101000000001000000
101000010001000000
101000010001000000
101000010001000000
101000010001000000
101000010001000000
101000010001000000
101000010001000000
101000010001000000
101000010001000000
101000010001000000
101000010001000000
101000010001000000
101000010001000000
101000010001000000
101000000001000000
101000000001000000
101000000001000000
101000000001000000
101000000001000000
101000000001000000
101000000001000000
100000010001000000
100000010001001000
110000010000001000
110000010000001000
110000000000001000
110000000001000000
111000000001000000
101000000001000000
101000000001000001
001000000001000001
001000000000000001
001000000000000001
001000000000001101
101000010000001101
100000010000001101
100010010000101101
100010011010101101
100010111010101101
100010111010101101
100010111010101001
000010110010101001
000010110010101001
000010110010001001
000010110000001001
000010110000001001
000010110000001001
000010110000001001
000010110000001001
000000110000001001
000000110000001001
000000110000001001
000000000000000001
000000000000010001
000000000000010001
000000000000010001
000000000000010001
000000000010010001
000000000010010000
000000000010010000
000000001010010010
001000001010010010
001000001010010010
001000001010010010
001000001010010010
000000001010000010
000000001010000010
000000000010000010
000000000010000010
000000000010000010
000000000010010010
000000000010010010
100000000010010010
100000000010000010
100000000010000010
100000000010000010
100000000010000010
100000000010000010
010000000010000010
010000000000000010
010000000000000010
010000000000000010
010000000000000110
110000000000000110
110000000000000110
110000001000000110
110000001000000110
110000001000000010
000000001010000010
000000001010000010
000000001010000010
000000000010000010
000000000010000010
000000000010000110
110000000010000110
110000000010000110
110000000010000110
110000000000000111
111100000000000101
111100000000000001
101000000000000001
101000000000001001
101000000000001001
101000010000001101
000000010000001101
000000010000001101
010000010000001101
010000010000001101
010000010000001101
110000000000000001
110000000010000010
110000000010000010
110000000010000010
110000000010000010
110000000010000000
110000000010000000
110000000010000000
110000000010100000
110000000110100000
110000000111100000
110000000111100010
110000000011100010
010000000011100010
010000000011100010
010000000010100010
010000000010100010
010000000010100010
010000000110100010
000000000110000010
000000000111010000
000000000111010000
000000000111010000
000000000111010000
000000000111010000
000000000011010000
000000000011010000
000000000011010000
000000000000000000
000000000000000000
100000000011010010
000000000011000010
000000000011010010
010000000111000010
010000000111000110
000000000111000110
000000000111000110
000000000110001110
000000000100001110
000011000100001110
000011000100001110
000011000100001111
000011000100001111
010011000000001111
110010000000001111
111010000000001111
111010000000001111
111000000000001111
111000000000001111
111000000000001111
110000000000001111
110000000000001111
110000000000001110
110000000110001010
110000000110000000
110000000110000000
110000000110000000
110000000010000000
110000000000000000
010000000000000000
000010000001001100
010010000011001100
010010000011001100
010010000011001100
010000000011000000
000000000011000000
000000000011000000
000000000011000000
000000000011000000
000000000011000000
000000000011000000
000000000011000000
000000000011000000
000000000011000000
000000000011000000
000000000011000000
000000000011000000
000000000011000000
000000000011000000
000000000001000000
000000000001000000
000000000001000000
000000000001000000
000000000000000000
000000000000000000
000000000000000000
000000000010000000
000000000010000000
000000000010000000
000000100010000000
000000100010000000
000000100011000000
000000100011000000
000000100011000000
000000000001000000
000000000001000000
000000000001000000
000000000001000000
000000000001000000
000000000001000000
000000000001000000
000000000001000000
000000000001000000
000000000001000001
000000000000000001
000000000000000001
000000000000000001
000000000000000001
000000000000000001
001000000000000001
001000000000000001
001000000000000001
001000000000000001
001000000000001101
101000010000001101
101000010000001101
101000010000001101
101010010000001001
101010110000001001
000010110000001001
000010110000001001
000010110000001001
000010110010101001
000010110010101001
000000110000001000
000000110001001000
000000110001000000
000000110001000000
001000010001000000
001000000001000000
001000000001000000
101000000001000000
101000000001000000
101000000001000000
101000000001000000
001000000001000000
001000000001000000
000000000001000000
000000000001000000
000000000001000000
000000000001000000
000000000001000000
000000000001000000
000000000001000000
000000000001000000
000000000001000000
000000000000000000
000000000000000000
000000000000000000
000000000000000000
000000000000000000
001000000000001000
001000010000001100
001000010000001100
001000010000001100
001000010000001100
001000010000001101
001000000000001001
000000000000000001
000000000000000001
000000000000000001
000000000000000001
000000000000000001
000000000000101001
000000000000101001
000000000000101001
000000000000101101
000000000000001101
000000000000001101
000000000000001101
000000000000001100
000000000000001100
000000000000001100
000000000000001100
000000000000001100
000000000000001100
100100000000001100
100100000000001100
100100000000001100
100100000000001100
100100000000001100
100100000000001100
100100000000000110
100100000000000110
100000000000000110
100000000000000111
100000000000100101
100000000000000101
001000000000000001
001000000000001001
001000000000001000
001000000000001000
001000000000001000
000000000000001000
000000000000001100
000000000000001100
100000000000001100
100000000000001100
110000000000001101
110000000000001101
110000000000001101
110000000000000101
110000000010000111
110000000010000110
110000000010000110
110000000010000110
110000000010000110
110000000010000110
110000000010010110
110000000010010110
110000000010010110
110000000010010110
110000000010010110
110000000010000110
110000010010000110
110000010010000110
110000010010000110
110000010010000110
110000010010000110
110000010010000110
110000010010000110
110000000010000110
010000001110000010
010000001100000010
010000001100000010
110000001100000010
110000001100000010
110000001100000010
110000001100000010
110000011100000010
100000011010001010
100000011010001010
100000010010001010
101000010010001010
101000010010000010
101000010010000010
100000011010000010
100000011010000010
000000011010000010
000000011010000010
000000011010000010
000000011010000010
000000011010000010
000000011110000010
000000011110000010
100000011110000010
100000010110000010
100000011110000010
100000011110000010
100000011110000010
100000011010000010
100000011010000010
000000011010000010
000000011010000010
000000011010000110
000000011010000110
000000001010000110
100000001010000110
100000001010000010
110000001010000010
110000001110000010
110000001110000010
110000000110000010
110000000110000100
110000000110000100
110000000110001101
110000000110001101
110000000010001101
100000000010001111
100000000010001111
100000000010001110
100000000010001110
100000000010001110
100000000000001100
100000000000001100
000000000000100100
000000000000100100
000000000010100101
000000000010100101
000000000010100101
000000000010100101
000000000010000101
000000000000000000
000000000000000000
000000000000000000
000000000000000000
000000000000000000
000000000000000000
000000000000000000
000000000000000000
100100000000000000
100100001000000000
100100001000000000
110100001000000100
110100001000000100
100100000000000101
100100000000000101
100100000000000101
100000000000001101
110000000000001100
100000000000001100
110000000000001100
110000000001001100
110000000001001100
110000000001001100
110000000001001100
110000000000001100
010000000000001100
000000000000001100
000000000000001100
000000000000001100
000000000000001100
000000000000001100
000000000000001100
000000000000001100
000000000000001100
000000000000001000
000000000000001000
000000000000000000
000000000000000000
000000000011000000
000000000011000000
000000000011000000
000000000011000000
000000000010000000
000000000010000000
000000000000000000
000000000000001000
000000000000001000
000000000000001000
000000000000001000
000000000000001000
000000000000001000
000000000000001000
000000000000001100
000000000000001100
000000000001000100
000000000001100100
000000000001100100
000000000001100100
000000000001100100
000000000000000100
000000000000000100
000000000000000100
000000000000001100
000000000000001100
000000000000001100
000000000000001101
000010000000001101
000010000010001001
000010010010001001
000010010010001001
000010010010001001
000000010000001001
000000000000001101
000000000000001101
000000000000001101
001000000000001101
101000000000001101
101000000000001101
101000000000001101
101010000000001101
101010000000001101
101010010000001101
101010010000001101
101010010000001101
101010010000001101
001000000000001101
001000000000001001
001000000000001001
001000000010001001
001000000010000000
001000000010000000
000000000000000000
000000000000000000
000000000000000000
000000000000000000
000000000000000000
000000000000000000
000000000000000000
000000000000000000
000000000000000000
000000000000000000
000000000000000000
000000000000000000
000000000000000000
000000000000000000
000000000000001000
000000000000001000
000000000000001100
110000000000001100
110000000000001100
110000000000001100
110000000000001100
110000000000001100
100000000000001100
100000000000001101
100000000000001101
100000010000001101
110000010000001101
110001010000001101
110001010000001101
110001010000001101
110001010000001101
110000000000001101
110000000000001101
101000000000001101
101000000000001101
001000000000001101
001000000000001101
001000000010001101
001000000010001101
001000000010001101
001000000010001101
001000000010001101
001000000010001101
001000000010001101
001000000000001000
001000000000001000
001000000000001000
001000000000001000
001000000000001000
001000000000001000
001000000000001000
001000000000001000
001000000000000000
001000000000000000
001000000000000000
001000000000000000
001000000000000000
001000000000000000
001000000000000000
001000000000000000
001000000000000000
000000000000000000
000000000000000000
000000000000000000
000000000000000000
000000000000000000
000000000000000000
000000000000000000
000000000000000000
001000000000000000
001000000000000000
001000000000000000
001000000000000000
001000000000000000
001000000000000000
001000000000000000
001000000000000000
001000000000000000
001000000000000000
001000000000001100
001000000000001100
001000000000001100
001000000000001100
001000000000001000
001000000000000000
101000000000000000
101000000001000000
101000000011000000
101000000011000000
101000000011000000
101000000011000000
101000000011000000
101000000011000000
101000000011000000
101000000011000000
101000000011000000
001000000001100000
001000000001100000
000000000001100000
100000000000100000
000000000000100000
000000000000100000
000000000001100000
000000000001100000
000000000001100000
000000000001100000
000000000001100000
000000000001100000
000000000001100000
000000000001100000
000000000001100000
000000000001100000
000000000001100000
000000000000100000
000000000000100000
000000000000000000
100000000010100001
110000000010100001
110000000010000001
111000000010000001
111000000010000001
101000000010000001
101000000010000001
001000000010000001
001000000010000001
001000000010000001
001000000010000001
001000000010000001
101000000010000001
100000000010000001
110000000010000001
110000000010001001
110000000000001001
110000000000001001
110000000000001101
110000000000001101
110000000000001001
110000000000000001
110000000000000001
011000000000000001
011000000000000001
001000000000000001
001000000000000001
001000000000000001
001000000000000001
001000000000000001
001000000000000001
001000000000000001
001000000000000001
001000000000000001
111000000000000001
110000000000000001
110000000000000001
110000000000000001
110000000000000000
110000000010000010
110000000010000110
110000000010000110
110000000010000110
110100000110000110
110100000110000110
110100000110000110
110100000010000110
110100000010000010
110100010010001010
110000010010001010
110000010010001010
100000010010001010
100000010010000010
000000010010000010
000000010010000010
000000000010000000
010000000010000000
011000000010000000
010000000000001101
010000000000001101
010000000000001101
010000000000001101
010000000000001101
010000000000001001
010000000000001001
010000000000001001
110000000000001001
110000000000001101
110000000000001101
110000000000001101
110000000000001101
110000000000001101
110000000000101101
110000000000101101
110000000000101101
110000000000101101
110000000000101101
110000000000101101
110000000000101001
100000000000000001
000000010000000001
000000110000000001
000000110000000001
000000110000000001
010000110000000001
010000010000000001
010000010000000001
110000010000000001
110000010000001001
110000010000001001
110000010000001001
110000010010001001
000000000010100001
000000000010100001
000000000010100001
000000000010100001
000000000010100001
000000000010100001
000000000000000001
000000000000000001
000000000000000001
000000000000000001
000000000000000001
000000000010000001
000000000010000001
000000000010000001
000000010010001001
000000010010001101
000000010010001101
000000010010001101
000000010010001101
000000000010000001
100000000010000001
110000000010000001
110000000011000001
110000010011000001
110000010010000000
110000010000000000
110000010000000000
110000010000000000
110000000000000000
010000000000000000
000000000000000001
000000000000000001
000000000000000001
000000000000000001
000000000000000001
000000000000000001
001000000000000001
001000000010000001
001000000010000001
001000000010000001
001000000010000001
001000000010000001
000000000010000001
000000000010000001
000000000010000001
000000000000000001
000000000000000001
000000000000000001
000000000000000001
010000000000000001
010000000000000001
110000000000000001
110000000000000000
110000000000000000
110000000000000000
110000000000000100
110000010000001100
110110010000001100
110110011000001110
110110011000001110
110010011000001110
110010011000001110
110010011000001110
110010011000001100
110000001000001000
110000001000001000
110000001000000000
110000000000000010
110000000000000010
110000000000000110
110000000000000110
110000000000000110
110100000000000110
110100000000000101
111100000000000101
111000000001000101
111000000001000101
110000000001000001
110000000001000000
110000000000000000
110000000000000000
110000000000000000
110000000000000000
110000000000000000
110000000000000000
110000000000000000
110000000000000000
110000000000000000
110000000000000000
110000000000000000
110000000000000000
110000000000000000
110000000000000000
110000000000000000
110000000000000000
110000000000000100
110000000000001100
110000000000001100
110000000000001100
110100000010001110
110000000110001110
110000000110001110
110000000111000110
110000000111000110
110000000111000110
110000000111100111
110000000111100111
110000000111100111
110000000111100111
110000000110000001
110000000110000001
000000000000000000
000000000000000000
000000000000000000
010000000000000000
010000000000000000
010000000000000000
010000000000000000
010000000000000000
010000000000000000
010000000000000001
010000000000000001
010000000000000001
010000000000000001
010000000000000000
010000000000000000
010000000000000000
010000000000000000
010000000000000000
010000000000000000
010000000000000000
010000000000000000
010000000000000000
010000000000000000
010000000000000000
010000000000000000
010000000000000000
010000000000000000
010000000000000000
010000000000000000
010000000000000000
010000000000000000
010000000000000000
010000000000000000
010000000000000000
010000000000000000
010000000000000000
010000000000000000
010000000000000000
010000000000000000
010000000000000000
000000000000000000
000000000000000000
000000000000000000
000000000000000000
010000000000001100
010000000000001101
110000000000001101
110000000000001101
110000000000001101
110000000000001100
110000000000001100
110000000000001100
000000000000001100
000000000000001100
000000000000001100
000000000000001100
000000000000001100
000000000000001100
000000000000001100
100000000000001100
100000000000001100
100000000000001100
100000000000001100
100100000000001100
100100000000000100
110100000000000100
110000000000000100
110000000000000100
110000000000001100
100000000000001101
100000000000001101
100000000000001101
100000000000001101
100000010000001101
100000010000001101
100000010000001101
100000010000001101
100000010000001101
110000010000001100
110000010000001100
110000000000001100
110000000000001100
110000000000001100
110000000000000100
110000000100000000
110000000100000000
110000000100000010
110000000100000010
110000000100000010
110000000100000010
110000000100000010
110000000100000010
110000000100000010
110000000110000010
110000000110000010
110000000110000010
110000000110000000
110000000110000101
110000000110000101
110000000110000101
110000000110001101
110000000010001101
110000000010001101
110000010010001101
110000010010001111
110000010010001111
110000010010001110
110000010010001110
110000000010001111
110000000010001101
110000000010000101
110000000010000101
000000000000000001
000000000000000001
000000000000000001
000000000000000001
000000000000001100
001000000000001100
001000000000001100
001000000000001100
001000000000001100
001000000000000100
001000000000000101
110000000000000001
110000000000000001
010000000000000001
110000000000000001
110000000000000001
000000000000000000
000000000000000100
000000000000000100
000000000000000100
000000000010000101
000000000010000001
000000000011000001
000000000011000001
000000000000100000
000000000000100000
000000000000100000
000000000000100000
000000000000100000
000000000000100000
000000000000100000
000000000000100000
000000000001000000
000000000001000000
000000000001000000
000000000001000000
000000000001000000
000000000001000000
000000000001000000
000000000000000000
000000000001000000
000000000001000000
000000000001000000
000000000001000000
000000000001000000
000000000001000000
000000000001000001
000000000001000001
000000000001000001
000000000001000001
000000000001000000
000000000001000000
000000000001000000
000000000001000000
000000000001000000
000000000001000000
000000000001000000
000000000001000000
000000000001000000
000000000000000000
000000010000001100
000000110000001100
000000110000001101
001000110000001101
001000110000001101
001000110000001101
001000000000001101
001000000000001101
001000000000001001
001000000000001001
001000000000000001
001000000000000001
001000000001000001
000000010001000001
000000010001000000
000000010001000000
000000010001100000
000000000001100000
000000000001100000
000000000000100000
000000000000100000
000000000000100000
000000000000000000
000000000000000000
000000000000000001
000000000000000001
000000000000000001
000000000001000001
000000000011000000
000000000011000000
000000000011000000
000000000011000000
000000000011000000
000000000011000000
000000000011000000
000000000011000000
000000000011000000
000000000011000000
000000000011000000
000000000011000000
000000000011000000
000000000011000000
000000000011000000
000000000011000000
000000000011000000
000000000011000000
000000000011000000
000000000011000000
000000000010000000
000000000010000000
000000000010000000
000000000010000000
000000000010000000
000000000010000000
000000000010000000
000000000010000000
000000000010000000
000000000010000000
000000000010000000
000000000010000000
000000000011000000
000000000011000000
000000000011000000
000000000011000000
000000000011000000
000000000010000000
000000000010000000
000000000000001100
110000000000001100
110000000000001100
110000000000001100
110000000000001100
110000000000001100
111000000000001100
111000000000001100
101000000000001100
001000000000001100
001000000000001101
001000000000001101
000000000000001001
000000000000001001
000000000000100001
000000000000100001
000000000000100001
000000000000100001
000000000000100001
000000000000100001
000000000000100001
000000000000100000
000000000000100000
000000000000100000
000000000000100000
000000000000100000
000000000000100000
000000000000100000
000000000000100000
000000000000100000
000000000000000000
000000000000000000
000000000000000000
000000000000000000
000000000000000000
000000000000000000
000000000000000000
000000000000000000
000000000000000000
000000000000000000
000000000000000000
000000000000000000
000000000000000000
010000000000000000
010000000000000000
010000000000000000
010000000000000100
010000000000001100
010100000000001100
010100000000001100
110100000000001100
110100000000001100
110100000000001100
110100010000001100
110100010000001110
110100010000001110
110100010000001110
110100010000001110
110100000000101110
110100000000100110
110100000001100110
110100000001110010
110100000001110010
110100000001110010
110100000001110010
110100000001110010
110100000001110010
110100000001110010
110100000011110010
110100000011110010
110000000011110010
110000010011100000
110000010011101100
110000010000101101
101010010000101101
101010010000101101
101010010000101101
101010110000101101
101010110000101101
101010110000001101
101000110000001101
101000100000001101
101000100000000000
001000000000000000
001000000000000000
001000000000000000
000000000000000000
000000000000000000
000000000000000000
000000000000000000
110000000000000000
110000000000000000
110000000001000000
110000000001000000
110000000001000000
110000000001000000
110000000001000000
010000000001100000
010000000000000001
010000000000000001
010000000000000101
000000000000000101
001000000010000101
001000000010000101
001000000010001101
001000000010001101
001000000010001001
000000000000001001
000000000000000001
000000000000000001
001000000000000000
001000000000000000
001000000000000000
001000000000001000
001000000000001100
001000000000001100
001000000000001100
001000000000001100
001000000000001100
001000000000001100
001000000000001100
101000000000001100
101000000010001101
101000000010001101
101000000010011101
001000000000011101
001000000000011101
001000000000011101
001000000000000001
001000000000000001
001000000000000001
001000000000000001
001000000000000001
001000000000000001
001000000000000001
001000000000000001
001000000010000101
001000000010000101
001000000010000101
001000000010000101
001000000010000101
001000000010000101
001000000010000001
001000000010000001
001000000010000001
001000000000000001
001000000000000001
001000000000000001
001000000000000001
001000000000000001
001000000000000001
001000000000000001
001000000000000001
001000000000000001
001000000000000001
001000000000001001
001000000000001001
001000000000001001
001000000000001001
001000000000001001
001000000000001001
001000000000001001
001000000000001101
001000000000001101
111000000000001101
111000000000001101
111000000000001101
111000000000001101
111000000000001101
111000000000001101
111000000000000101
101000000001100101
001000000001100001
001000000001100001
000000000001100001
000000000000000001
001000000000000001
001000000000000001
001000000000000001
001000000000000001
001000000000000001
001000000000000001
001000000000000001
001000000000000001
001000000000000001
001000000000000001
000000000000000001
000000000000000001
000000000000001101
000000000000001101
011000000000001101
111000000000001101
111000000000001101
111000000000001101
111000000000001101
111000000000001101
111000000000000101
111000000000000101
111000000000000101
111000000000000101
100000000000010111
100000000000010111
100000000000110111
100000000000110111
000000000000110111
000000000000110111
000000000000101101
000000000000101101
000000000000001101
000000000000001101
000000000000001101
001000000000001101
001000000000001101
000000000000001101
000000000000001101
000000000000001001
000000000000000000
000000000000000000
000000000000000000
000000000000000000
000000000000000000
000000010000001100
000000010000001100
000000010000001100
000000010000001100
001000010000001100
001000000000000000
001000000000000000
001000000000000000
001000000000000000
001000000000000000
001000000000000000
001000000000000000
001000000000000000
001000000000000000
001000000000000000
001000000000000000
001000000000000000
001000000000000000
001000000000000000
001000000000000000
001000000000000000
001000000000000000
001000000000000100
001000000010000100
001000000010000100
001000000010000100
001000000010000100
001000000010000100
001000000010000100
001000000010001100
001000000010101000
000000000010101000
000000000010101000
000000000000101000
000000000000001000
010000000000001000
010000000000000000
010000000010000000
010000000010000000
010000000010000000
010000000010000000
110000000000000000
110000000000000000
110000000000000000
110000000000000000
110000000000000000
110000000000000000
110000000000000000
110000000000000000
110000000000000000
110000000000000000
110000000000000000
010000000000000000
010000000000000000
010000000000000000
010000000000000000
010000000000000000
010000000000000000
010000000000000000
010000000000000000
010000000000000000
010000000000000000
010000000000001000
010000000000001000
010000000000001000
010000000000001000
010000000000000000
010000000000000000
110000000000000000
110000000000000000
110000000000001100
110000000000001100
110000000000001100
110000000000001100
110000000000001100
110000000000001100
110000000000001110
110000000000000110
110000000000000110
110100000000000110
110100000000000110
110100000000000110
110100000000000110
110100000000000110
110100000000000100
110100000000001100
110100000000001100
110100000000001100
110100000000001100
110100000000001100
110100000000001100
110000000000000101
110000000000000101
100000000000000101
000000000000000001
000000000000000001
000000000000000001
010000000000000000
010000000000000000
110000000000000100
111000000000001100
111000000000001100
111000000000001100
110000000000001100
110000000000001100
010000000000000000
010000000000000000
010000000000000000
010000000000000000
010000000000000000
010000000000000000
010000000000000000
010000000000000000
010000000000001000
010000000000001100
010000000000001100
010000000000001100
010000000000001100
010000000000001110
010000000000001110
110000000010001110
110000000010001110
110000000010011110
110000000010010110
110000000010010110
110000000110010110
110000000110010110
110000000110010110
110000000110010010
110000000110000010
110000000110000010
110000000110000010
110000000110000010
110000000110000010
110000000100000000
110000000100000000
110000000100000000
110000000100000000
110000000000000000
110000000000001100
110000000000001110
110000000000001110
110000000000001110
110000000000001110
110000000000001110
110000000000001110
110000000000000110
110000000000000111
110000000000000111
000000000000000111
000000000000000101
000000000000001101
000000000000001101
000000010000001101
000000010000001101
000000000000001101
000000000000001100
000000000000001100
000000000000000000
000000000000000000
000000000000000000
000000000000000000
000000000000000000
000000000000000000
000000000000001000
010000000000001100
010000000000001100
010000000000001110
110000000000001110
110000000000001110
110000000000001111
110000000000000110
110000000000000100
110000000000000100
010100000001000000
010100000001000000
010100000001000000
010100000001000000
000000000000000001
000000000000000001
000000000000000001
000000000000000001
000000000000000001
000000000000000001
010000000000000001
010000000000000001
010000000000001000
110000000000001100
100000000000001100
100000000000001100
001000000000001100
001000000000001100
001000000000000100
001000000000000000
001000000000000000
000000000000000000
000000000000000000
000000000000000000
000000000000000000
000000000000000000
000000000000000000
000000000000000000
000000000000000000
000000000000000001
010000000000000001
010000000000000001
011000000000001101
111000000000001101
111000000000001101
111000000000001101
111000000000001101
111000000000001101
111000000000001101
101010000100000001
101010000101000001
101010000101000001
101010000101000001
101000000001000001
101000000001000001
101000000001100000
001000000001100000
001000000001100000
000000000001100000
000000000001100000
000000000001100000
000000000000100000
010000000000000000
011000000000000000
011000000000001101
111000000000001101
111000000000001101
110000000000001101
110000000000001101
110000000000001100
110000000100001100
110000000100001100
110000000100000000
110000000100000000
110000000110010000
110000000110010000
110000000110010000
110000000110010100
110000000110010101
110000000110010101
110000000000000101
110000000000000101
110000000000000101
110000000000000101
010000000000000101
010000000000000101
010000000000000101
010000000000000101
010000000000000101
010000000000000101
010000000000000101
110000000000000101
110000000000000101
110000000000000101
110000000000000101
110000000000000001
110000000001000001
110000000001000001
010000000001000001
010000000001000001
010000000000000001
010000000000000001
010000000000000001
011000000000000101
011000000000000101
011000000000000101
111000000000001101
111000000000001101
111000000000001101
110000000000001101
100000000000001101
100000000000001101
100000000000001101
100000000011001001
100000000011001001
100000000011011001
100000000011011001
100000000011011001
000000000010010001
000000000010010001
000000000000000001
000000000000000001
000000000000000001
000000000000000001
000000000000000001
000000000000000001
000000000000000001
000000000000000001
001000000000000001
000000000000000001
000000000000000001
000000000000000000
001000000000000000
001000000000000000
001000000000000000
001000000000000000
001000000000000000
001000000000000000
001000000000000000
001000000000000000
001000000000000000
001000000000000000
001000000000000000
001000000000001000
001000000000001000
001000010000001100
001000010000001100
001000010000001101
001000010000001101
000000000010000001
010000000010000001
010000000010000001
010000000010000001
010000000000000001
010000000000000001
010000000000000001
010000000000000001
010000010000001001
010000010000001001
010000010000001101
010000010000001101
000000000000000001
000000000000000001
000000000000000001
000000000000001001
000000000000001001
001000000000001001
001000000000001001
001000000000001001
001000000000001001
001000000000001001
001000000000000001
001000000000000001
011000000000000001
011000000000000001
111000000000000001
111000000000001101
101000000000001101
101000000000001101
101000000000001101
001000000000001101
001000000000001101
001000000000001101
001000000000000001
001000000000000001
001000000001000000
001000000001001000
001000000011001000
000000000011001000
000000100011000000
000000100011100000
000000100011100001
000000100011100001
000000000001100001
000000000001100001
000000000001100001
010000000001000001
010000000001000001
010000000000000001
010000000000000000
000000000000000000
000000000000000000
000000000000000000
000000000000000000
101000010000001100
101000010000001100
101000010000001100
101000010000001100
101000010000001100
001000010000001100
001000010000001100
000000000000000000
010000000000000000
010000000000000000
010000000000000000
010000000000000000
010000000000000000
010000000000000000
010000000000000000
010000000000000000
010000000000000000
010000000000000000
010000000000000000
010000000000000000
010000000000000000
010000000000000000
010000000000000000
111000000010000000
111000000010000000
111000000010000000
111000000010000000
010000000000001000
000000000000001001
000000000000001101
000000010000001101
000000010000001101
000000010000001101
000000010000001101
001000000000001101
010000000000001001
010000000000001001
011000000000001001
011000000000001001
011000000000001001
011000000000001001
011000000000001001
111000000000001001
111000000001000100
111000000001000100
111000000001000100
110000000001000100
000000000000000000
000000000000000000
000000000000000000
000000000000000000
000000000000000000
000000000000000000
010000000000000000
110000000000000001
110000000000001101
111000000000001101
111000000000001101
111000000000001101
011000000000001001
011000000000001001
010000000000001001
010000000000001001
010000000001000001
010000000001000001
010000000001000001
010000000001000001
010000000000000001
110000000000000001
110000000000000001
110000000000000001
110000000011000001
110000000011000001
110000000011000001
110000000011000001
000000000011000001
000000000011000001
000000000011000001
000000000011000001
000000000001000001
000000000001000001
000000000001000001
000000000001000001
000000000001000001
000000000001000001
000000000001001001
000000000000001001
000000000000001000
000000000000001000
010000000000000000
010000000000000000
010000000000000000
010000000000000000
010000000000000000
010000000000000000
010000000000000000
010000000000000000
010000000000000000
010000000000000000
000000000000000000
000000000000000000
000000000000000000
000000000000000000
000000000000000000
000000000000000000
000000000000000000
000000000000000000
000000000000000000
000000000000000000
000000000000000000
000000000000000000
000000000000000001
000000000000100001
000000000000100001
010000000000100001
010000000000100001
110000000000000001
110000000000000001
110000000000000001
110000000000000001
110000000000000001
110000010000000001
110000010000001101
110000010000001101
110000010000001101
110000010000001101
110000000000100001
110000000000100001
110000000000100000
110000000000100000
110000000000100000
110000000000100100
110000000000100100
110000000000000100
010000000000000101
000000000000000101
000000000000000001
000000000000000001
000000000000000001
000000000000000001
010000000000000000
010000000000000000
010000000000000000
110000000000000000
110000000000000000
110000000000000000
110000000000000000
110000000000001100
110000000000001100
100000000000001100
100000000000001100
100000000000001100
100000000000001100
000000000000001100
000000000000001000
000000000000000001
000000000001000001
000000000001000001
000000000001000001
000000000001100000
010000000001100000
010000000001100000
010000000001100000
110000000000100000
110000000000000001
110000000000000001
110000000000000001
110000000000000001
010000000000000001
000000000000000001
000000000000000001
000000000000000001
000000000000000000
000000000000000000
000000000000000000
000000000000000000
000000000000000000
000000000000000000
000000000001000000
000000000001000000
010000000001000000
010000000001000000
010000000001000000
010000000001000000
010000000001000000
010000000001000000
010000000001000000
010000000001000000
010000000001000000
110000000001000000
110000000001000000
110000000000000000
110000000000000000
110000000000000000
110000000000000000
110000000010001100
110000000010001100
110000000010001100
110000000010011100
110000000000011100
110000000000010100
110000000000010100
110000000000010100
110000000000000100
110000000000000100
110000000000000100
110000000000000100
110000000000000000
110000000001000000
110000000001000000
110000000001000001
100000000011001101
100000000011001101
000000000010011101
000000000010011101
000000000010011101
000000000010011101
000000000010011101
000000000010011101
100000000010001100
110000000000001100
110000000000001100
110000000000001100
110100000000001100
110100000000001100
110100000000001000
110100000000001000
110100000000001000
110100000000001000
110100000000001000
010100000000001000
010100000000001100
010100000000001100
010100000000001100
110100000000001100
110100000000001100
110100000000001100
110100000000001100
110100000000001100
110100000000001100
110100000000001100
110100000000001100
110100000000001100
110100000000001100
110100000000001100
110100000000001100
110000000000001100
110000000000001100
110000000000001100
110000000000001100
110000000000001100
110000000000000100
110000000110000000
110000000110000000
110000000110000000
110000000110000000
110000000010000100
110000000010001100
100000000010001101
100000000010001111
100000000000001111
101000000000001111
101000000000001100
101000000000001100
101000000000001100
101000000000001100
100000000000001100
110000000000000000
110000000000000000
110000000000000000
110000000000000000
110000000000000000
110000000000000000
110000000000000000
110000000000000000
110000000000000000
100000000000000000
