2935
000001100000000001
000101111000000001
000101111000000001
000101111000000001
000001111000000001
000001100000000001
000001100000000001
000000100000000001
000000000001000001
010000000001000001
110000000001000001
110000000001000001
110000000001000001
110000000001000001
110000000001000001
110000000001000001
110100000001000000
110100000001000000
110100000001000000
110100000001000000
110100001011000000
100101011011000000
100101011110001000
100101011110001000
100101011110001000
000101111111001000
000001111111001001
000001111111000001
000001111111000001
000001111111000001
000001111111000001
000001111111000001
000001111111000001
000001111111000001
000000111111000001
000000100011000001
000000000011000001
000000000011000001
000000000011000001
000000000011000000
000000000011000000
000000000011000000
110000000011000000
110100001011000000
110100001011000000
110100001011000000
110100001011000000
110100011011001100
110100011011001100
110100011011001100
110100011011001100
100000011011001000
000000000011001000
000000000011000000
000000000011000000
000000000011000000
000001000011000000
000001000111000000
000001101111000000
000101111100001000
000101111100001000
000101111100001000
000101111100001000
000001111100001000
000001111100001000
000001111100001001
000001111100001001
000001111100000001
000001111101000001
000001111101000001
000001111101000001
000001111101001001
000001111101001001
000001111101001101
000011111101001101
000011111101001100
000011111101001100
000011111101001100
000111111101001100
000111111101001100
000111111101001100
000111111100001100
000111111100001100
000111111101101100
000111111101101000
000001111101101001
000001111111101001
000001110111001001
000000110111000001
000000100111000001
000000100111000001
000000100111000001
000000000111000001
000000000111000001
000000000111100001
000000000111100001
000000001111100001
000000101111100001
000000101111100001
000000101111100001
000000101101100001
000000101101100001
000000111101101001
000011111101101001
000011111101101101
000011111101101101
000011111101101101
000011111001001101
000011110001001101
000011110001001101
000011110001001101
000011110001001101
000010110001001101
000000000001000000
000000000001000000
000000000001000000
000000000001000000
000000000001000000
000000000001000000
000000000001000001
000000100001000001
000000100001000001
000000100001000001
000000100000000001
000000100000000001
000000110100000001
000000110100000001
000000110100000001
000000110100000001
000001110100001001
000001111100001001
000001111000001001
000001100000001001
000101100000000001
000001100000000001
000001100001000001
000001100001000001
000001100001000001
000001110000001001
000011110000001001
000011110000001001
000011110100001001
000011111100001001
000011111100001001
000011111100001001
000011111100001101
000011111100001101
000011111100001101
000011111100001101
000011111100001101
000011111100001001
000011111100001001
000011111100001001
000001111100001001
000001111100001001
000001110100001001
110000010100001001
110000010100001001
110000010000001001
110000000010001001
110000000010000000
010000000011000000
000000000011000000
000000000011000000
000000000011000000
000000000010000000
000000000010000000
000000100010000000
000000100010000000
000000100010000000
000000100010000000
000000000000000000
000000000000000000
000000000000000000
000000000000000000
000000000000000000
000000000000000001
000000000000000001
000000000000000001
000000000000000001
000000000000000001
000000000000000001
000000000000100001
010000000001100011
010000000001100011
010000000001100110
000000000001100110
000100000000000100
000100000000000000
000100000000000000
000100000000000000
000100000000000000
000100000000000000
000100000000000000
000100000000000000
000100000000000000
000100000000000000
000100000000000000
000100000000000000
000100000000000000
000100000000000000
000000000000000000
000000000000001000
000000000000001000
000000000000001000
000000000000001001
000000000001000001
000000000001000001
000000000001000001
000000000001000001
000000000001000001
000000000001000000
000000000001000000
000000000001001000
010000000001001000
010000000001001000
010000000001001000
010000000001001100
010000000001001100
010000000001001100
010000000000001100
010000000000001000
011000000000000000
011000000000000000
001000000000000000
001000000000000001
001000000000000001
001000000000000001
001000000000000001
000000000000000001
000000000000000001
000000000001000000
000000000001000000
000000000001000000
000000000001000000
000100000001000000
000100000001001000
000100000001001000
000100000001001000
000100000001001000
000100000001000000
000100000001100000
000000000001100001
000000000001100001
000000000001100001
000000000001100001
000000000001100001
000000000001100000
000000000001100000
000000000001000000
000000000001000000
000000000001000000
000000000001000000
000000000001000100
000000000001001100
000000000001001100
000000000001001100
000100000001001100
000100000001001100
000100000001001100
000100000001001000
000100000001001000
000000000001001000
000000000001001000
000000000001000001
000000000001000001
000000000001000001
000000000001000001
000000000001000001
000000000001000001
000000000001000001
000100000000000000
000100000000000000
000100000000000000
000100000000001100
000000000000001100
000000000000001100
000000000000001100
000000000000001100
000000000000001100
010000000000001100
010000000000001000
010000000001000000
000000000001000000
010000000001000000
010000000001000000
000000000001000000
000000000001000000
000000000001000000
000000000001000001
000000000000000001
000000000000000001
000000000000000001
000000000000000001
000000000000000001
000000000100000000
000000000100000000
000000000100000000
000000000100000000
000000000100000000
000000000100000000
000000000100000000
000000000100000000
000100000100000000
000100000100000000
000100000100000000
000100000000000000
000100000000000000
000100000000000000
000100000000000000
000100000000000000
000100000000000000
000100000000000000
000100000000000000
000100000000000000
000100000000000000
000100000000000000
000100000000000000
000100000000000000
000100000000000000
000100000100000000
000100000100000001
000000000100001001
000000000000001001
010000000000001001
010000000000001001
010000000000001001
110000000001000001
110000000001000001
110000000001000000
110000000000000000
110000000000000000
110000000000000000
110100000000000000
110100000000000000
110100000000000000
110100010000001100
110100010000001100
110100010000001100
110100010000001100
110100000000001000
010100000000000000
010100000000000000
010100000000000000
000100000000000000
000100000000000000
000100000000000000
000100000000000000
000100000000000000
000101000000000000
000100000000000000
000100000000001100
000100000000001100
000100000001001100
000100000001001100
000100000001001100
000100000001000100
000100000001000100
000100000001000100
000000000001000101
000000000001000101
000000000001000101
000000000001000101
000000000001000101
000000000001000001
000000000000000001
000000000000000000
000000000000000000
000000000000000000
000000000000000000
000000000000000000
000000000000000000
000000000000000000
000000000001000000
000000000001000000
000000000000000000
000000000000000000
000000000000000000
000000000000000000
000000000000000000
000000000000000001
000000000000000001
000000000000000001
000000000000000001
000000000000001001
000000000000001000
000000000000001000
000000000000001000
000000000000001000
010000000000001000
010000000000000000
010000000000000000
110000000000000100
110000000000000100
110000000001000100
110000000001000100
110100000001100100
110100000001100100
110100000001100100
110100000011100100
110100000011001100
110100011011001100
110100011011001100
110100010011001100
100100010011001100
100100010010001100
100100010010001000
100100000010000000
000100000010000001
000000000010000001
000000000011000001
000000000011000001
000000000001000001
000000000001000001
000000000001000001
000000000001000001
000000000001000001
000000000001000000
000100000001000000
000100000001000000
000100000001000000
000100000001000000
000100000001000000
000100000001000000
000100000001000000
000100000001000000
000100000001000000
000000000001000000
000000000001000000
000000000001000000
000000000001000000
000000000001000000
000000000001000000
000000000001000000
000000000001000000
000000000001000000
000000000000000000
000000000000000000
000100000000000000
000100000000000000
000100000000000000
000100000001000000
000100000001000000
000000000001000000
000000000001000000
000000000001000101
000000000001000101
000000000001000101
000000000001000101
000000000001001101
000000000001001101
000000000001001001
000000000001001001
000000000001001000
000000000000000000
000000000000000000
000100000000000000
000100000000000000
000100000000000000
000100000000000000
000100000000000000
000100000000000000
000100000000000000
000100000000000000
000100000000000000
000100000000000000
000100000000000000
000100000000000000
000100000000000000
000100000001000100
000100000001000100
000100000001000100
000100000001000100
000100000001000000
000100000001000000
000000000001000000
000000000001000000
000000000001001000
000000000001001101
000000000001001101
000000000001001101
000000000001001101
000000000001001101
000000000001000101
100000000001000101
100000000001000101
100000000001000000
100000000000000000
110000000000000000
110000000000000000
110000000000000000
110000000010000000
110000000010000000
110000000010000000
000000000011000000
000000000011000001
000000000011000001
000000000011000001
000000000011000001
000000000001000001
000000000000000001
000000000000000001
000000000000000000
000100000000000000
000100000000000000
000100000000000000
000100000000000000
000100000000000000
000100000000000000
000100000000000000
000100000000000000
000100000000000000
000000000001000000
000000000001000000
000000000001000000
000000000001000000
000100000000000000
000100000000000000
000100000000000000
000100000000000000
000100000000000000
000100000000000000
000100000000000000
000100000000000000
000100000001000000
001100000001000000
001100000001000000
001100000001000000
001100000001000000
001100000001000000
000100000001000000
000100000001000000
000100000001000000
000100000001000000
000100000001000000
000000000001000000
000000000000000001
000000000000000101
000000000000001101
000000000000001101
000000000000001101
000000000000001101
000000000000001101
000000000000001101
000000000000001101
000000000000001101
000000000000001100
000000000000001100
000100000000001000
000100000001001000
000100000001001000
000100000001001000
000100000001001100
000100000001001100
000000000001001100
000000000001001100
000000000001000101
000000000001000001
000000000001000001
000000000000000001
000000000100000001
000000000100000001
000000000000000000
000000000000000000
000000000000000000
000000000000001000
000000000000001000
000000000000001000
000000000000001000
010000000000001100
010000000000001100
011000000001001100
011000000001001100
011000000001001001
011000000001000001
010000000011000001
010000000011000001
010000000011000001
010000000011000001
010000000011000000
010000000011000000
010000000011000000
010000000011000100
110000000011000100
110000000000000101
110000000100000101
110000000100000001
110000000100000001
110000000100000001
100000000100000001
100000000100000000
000000000100000000
000000000100000000
000000000100000000
000000000100000000
000000000100000000
000000000100000000
000000000000000000
000000000000000000
000000000000000000
000000000000000000
000000000000001000
000000000000001000
000000000000001000
000100000000001000
000100000000001000
000100000000001000
000000000000001000
000000000000001100
000000000000001101
110000000000001101
110000000000001101
110000000000001001
110000000000000001
110000000000000001
110000000000000000
110000000000000000
110000000000000000
110100000000000000
110100000000000000
110100000000000000
110100000000000000
110100000000000000
110100000000000000
100100000000000000
100100000000000000
100100000001000000
100100000001000000
100100000001000000
100100000001000000
100100000000000000
100100000000000000
100100000000001000
100100000000001000
100100000000001000
100100000000001000
100100000000001000
100100000001001000
100100000001001100
100100000001001100
100100000001001100
100100000001001100
100100000001001100
100100000001001100
000100000001000100
000000000001000000
000000000001000001
000000000001000001
000000000001000001
000000000001001101
000100000001001100
000100000001001100
000100000001001100
000100000001001100
000100000001001100
000100000001001000
000100000001000000
000000000001000001
000000000001000001
000000000001000001
000000000001000001
000000000001000001
000000000001001001
000000000001001001
000100000001001100
000100000000001100
000100000000001100
000100000000001100
000100000000001100
000100000000001100
100100000000001100
100100000000001100
100100000001001100
100100000001001100
000100000001001100
000100000001001000
000100000001001000
000100000001001000
000100000001001000
000000000001001100
000000000001001100
000000000001001100
000000000001001100
001000000001001100
001000000001001101
001000110001001101
001000110001001101
001000110001001101
001000110000001101
001000010000001101
001000010000001101
001000000000001101
000000000000001100
000000000000001100
000000000000001100
000000000000001000
000000000000000000
000000000000000000
000000000000000000
000000000000000000
000100000000000000
000100000000000000
000100000000000000
000100000000000000
000100000000000000
000000000000000000
000000000000000000
000000000000001000
000000000000001000
000100000000001000
000100000000001000
000100000000000000
000100000000000000
000100000000000000
000000000000000001
000000000000000001
000000000000000001
000000000000000001
000000000000000001
000000000000000001
010000000000000001
010000000000000001
010000000000000001
000000000000000000
000000000000000100
000000000000000100
000000000000001100
000000000000001100
000000000000001100
000100000000001100
000100000000001000
000100000000001000
000100000000001000
000100000000001000
000100000000001000
000100000000000000
000100000000000000
000100000000000000
000100000000000000
000100000000000000
000100000000000000
000100000000000000
000100000000000000
000100000000000000
000100000000000000
000000000000000001
000000010100000001
000000010101001101
100001010101001101
100001010101001101
100000010101001101
100000010001001101
100000010000001101
110100010000001000
110100010000001000
110100010000001000
110100010000001000
110100010000001000
110100000000001000
110100000000000000
110100000000000000
110100000000000000
110100000000000000
010100000000000000
010000000000000000
010000000000000000
010000000000000000
000000000000001000
000100000000001000
000100000000001000
000100000000001000
000100000000000000
000000000000000000
000000000000000000
000000000000000000
100000000000000000
100000000000000000
100000000000000000
110000000001000001
110000000001000001
110000000001000001
110000000001000001
110000000001000001
110000000001000001
100100000001000001
000100000001000101
000100000001000101
000100000001001101
000100000001011101
000100000001011101
000100000001011101
100100000001011101
100100000001001101
100100000001001101
100100000001001101
110100000001001101
110100000000001100
110100000000001100
110100000000001100
110100000000000000
110100000000000000
110100000000000000
010100000000000000
010100000000000000
010100000000000000
010100000000000000
010100000000000000
010100000000000000
010100000000000000
010100000001000000
010100000001000000
010000000001000000
000000000001000000
000000000001000000
000000000001000000
000000000001000000
000000000001000000
000000000001000001
000000000001000001
000000000001000001
000000000001000001
000000000000000001
000000000000000001
000000000000000001
000000000000000000
000000000000000000
000000000000000000
000000000000000000
000100000000000000
000100000001000000
000100000001000000
000100000001000000
000100000001000000
000100000001000000
000100000001000000
000100000000000000
000100000100000000
000100000100000000
000100000100000000
000100000100000000
000100000100000001
000000000100000001
000000000100000001
000000000100000001
000000000100000001
000000000100000001
000000000100000001
000100000000000001
000100000000000000
000100000000000000
000100000000000000
000100000000000000
000100000000000000
000100000000000000
000100000000000000
000100000000000000
000100000000000000
000100000000000000
000100000000000000
000100000000000000
000100000000000000
000100000000000000
000100000000000000
000100000000000000
000100000000000000
000100000000000000
000100000000000000
000100000000000000
000100000000000000
000000000000000001
000000000000000001
000000000000000001
000000000000000001
000000000000000001
000000000000000001
000000000000000001
000000000000000000
000000000000000000
000000000000000000
000000000000000000
000000000000000000
000000000000001000
000100000000001100
110100000000001100
110100000000001100
110100000000000100
110100000000000000
110100000000000000
110100000000000000
110100000000000000
110100000000000000
110100000000000000
110100000000000000
110100000000000000
110100000000000000
110000000000000000
110000000000000001
110000000000000001
110000000000000001
110000000000000001
110000000000000001
110000000000000001
110000000000000001
110000000000000000
110000000001000000
110000000001000000
100000000001000100
100000000001001100
100000000000001100
000000000000001100
000000000000001100
000000000000000000
000000000000000000
000000000000000000
000000000000000000
100000000000000000
100000000000000000
100000000000000000
110000000000000000
110000000000000001
110000000000000001
110000000001000001
110000000001000001
110000000001000001
110000000001000001
110000000001000001
110000000001000000
110000000001000100
100000000001000100
100100000001000100
100100000000000100
100100000000000000
100100000000000000
100100000000000000
100100000000000000
100100000000000000
100100000000000000
100100000000001100
100100010000001100
100100010000001100
100100010000001100
100100010000001100
100100000000001100
100100000000000000
100100000000000000
100100000000000000
100100000100000000
100100000100000000
100000000100001101
100000000100001101
100000000100001101
110000000000001101
110000000000000001
110000000001000001
110000000001000000
110000000001000000
110000000001000000
110000000001000000
110000000001000000
110000000001000000
110000000001000000
100000000001000100
100000000001001100
100000000000001100
100000000000001100
100000000000001100
100000000000001100
100100000000001100
100100000000001100
100100000000001100
100100000000001000
100100000000000000
100100000000000000
100100000010000000
100100000010000000
100100000010000000
100100000010000000
100000000010000000
100000000010000000
100000000010000000
100000000010000001
100000000010000001
100000000010000001
000000000010001001
100000000000001001
100000000000001001
100000000000001000
100000000000000000
100000000000000000
100000000000000000
100000000000000000
100000000000000000
100000000001000000
100000000001000000
100000000001000000
100000000001000001
010000000001000001
010000000001000001
010000000001000001
010000000001000001
110000000001000001
010000000001000001
010000000000000000
000000000000000000
000000000000000000
000100000000000000
000100000000000000
000100000000000000
000100000000000000
100100000000000000
100100000001000000
100100000001000000
100100000001000000
000100000001000000
000000000001000001
000000000001000001
000000000001000001
000000000001000001
000000000001000001
000000000001000001
000000000001000000
000000000001000000
000000000001000000
100000000001000000
100000000001000000
110000000001000000
110000000000000000
110000000000000000
110000000000000000
110000000000000000
110000000000000000
110000000001000000
110000000001001000
110000000001001000
100000000001001001
100000000001001001
100000000001001001
100000000000000001
100000000000000001
100000000000000001
100000000000000001
100100000000000000
100100000000000000
100100000000000000
100100000000000000
100100000000000000
100100000000000000
000100000000000000
000100000000000000
000100000000000000
000100000000000000
000100000000000000
000100000000000000
000100000000000000
100100000000000000
100100010000001100
100000010000001101
100000010010001101
100000010010001101
100000010010001101
110000010010001101
110000000000001101
110000000000001101
110000000000001101
110100000000001101
110100000000001101
110100000000001100
110100000000001000
110100000000000000
110000000000000000
110000000000000000
110000000000000000
110000000000000000
110000000000000000
110000000100000000
110000000100000000
110000000100000000
110000000100000001
110000000100000001
000000000000001001
000000000000001101
000000000000001101
000000000000001101
000000000000001101
000000000000001000
000000000000001000
000000000000000000
000000000000000000
000000000000000000
000000000000000000
000000000000000000
000000000000000000
000100000000000000
000100000000000000
000100000000000000
000100000000000000
000100000000000000
000000000000000000
000000000000000000
000000000000000001
000000000000000001
000000000000000001
000000000000000001
010000000000000001
010000000000000001
010000000000000001
110000000000000001
110000000000000001
110100000000001000
110100000000001000
110100000000001000
110100000000001100
100100000001000100
000100000001000100
000100000001000100
000100000001000100
000100000001001100
000100000001001100
000100000001001000
000100000001001000
000100000000001000
000100000000001000
000100000000001000
000100000000001000
000100000000001000
000100000000001000
000100000000001000
000100000000001000
000100000000001000
000100000000001000
000100000000001100
000100000000001100
000100000000001100
000100000001001100
000100000001001100
000100000001001100
000100000001001100
000100000001001100
000100000001001100
000100000001000100
000100000001000000
000000000001000000
000000000001000000
000000000001000000
000000000001000000
000000000001000000
000000000001000000
000000000001000000
000100000001000000
000100000001000000
000100000001000000
000100000001000000
000100000000000000
000100000000000000
010100000000000100
010000000000000100
010000000000000100
010000000000000100
010000000000000000
000000000000000000
000000000000000000
000000000000000000
000100000000000000
000100000000000000
000100000100000000
000100000100000000
000100000100000000
000100000100000000
000100000100000000
000100000000000000
000100000000000000
000100000000000000
000100000000000000
000100000000000000
000100000000000000
000100000000000000
000100000000001000
000100000000001100
000100000000001100
110100000000001100
110100000000001100
110100000000001100
110100000000001100
110100000000001100
110100000000000000
110100000000000000
110100000000000000
110100000001000000
110100000001000000
110000000001000000
110000000001000001
110000000001000001
110000000001000101
110000000000000101
110000000000000101
110000000000000101
110000000000000101
110000000000000101
110000000000000000
110000000000000000
110000000000000000
110000000000000000
110000000000000000
000000000000000000
000000000000000000
000100000000000000
000100000000000000
000100000000000000
000100000000000000
000100000000000000
000000000000000100
000000000000000101
000000000001000101
000000000011000111
000000000011100011
000000000011100011
000000000001100011
000000000001100001
000000000000100001
000000000000000001
000000000000000001
000100000000000000
010100000000000000
010100000000000000
010100000000000000
110100000000000000
110100000000000000
110100000000000000
110100000000000000
110100000000000000
110100000000000000
110100000000000000
110100000000000000
110100000000000000
110100000000000000
110100000000000000
110100000000000000
110100000000000000
100100000000000000
100100000001000100
100100000001001100
100100000001001100
100100000001001100
100100000000001100
110100000000001100
110100000000001000
110000000000001001
010000000000001001
000000000000000001
000000000000000001
000000000000000001
000000000000000001
000000000000000001
000000000000000000
000100000000000000
000100000000000000
000100000000000000
000100000000000000
000100000100000000
000100000100000000
000100000000000000
000100000000000000
000100000000000000
000100000000000000
000100000000000000
000100000000000000
000100000000000000
000100000000000000
000100000000000000
000100000000000000
000100000000000000
000100000000000000
000100000000000000
000100000000000000
000100000000000000
000000000000000000
000000000001000001
000000000001000001
000000000001000001
000000000001000001
000000000001000001
000000000001000001
000000000001000001
000000000001000001
000000000001000000
000000000001000000
000100000001000000
000100000001000000
000100000001000000
000100000001000000
000100000001000000
000100000001001100
000100000000001100
000100000000001100
000100000000001100
000100000000001100
000100000000001100
000100000000001100
000100000000001100
000100000000001100
000100000000001000
000100000000000000
000100000000000000
100100000000000000
100100000000000000
100100000000001100
100100000000001100
100100000000001100
100000000011001100
100000000011000001
110000000011000001
010000000011000001
010000000011000001
010000000011000001
010000000011000000
010000000011000000
010000000011000000
010000000011000000
000000000011000000
000000000011000000
000000000011100000
000000000011100000
000000000011100000
000000000011100001
000000000011100001
000000000011000101
000000000001001101
000000000000001101
000000000000001101
000000000000001101
000000000000001100
000100000000001100
000100000000000000
000100000000000000
000100000000000000
000100000000000000
000100000000000000
000100000000000000
000100000000000000
000100000000000000
000100000000000000
000100000000000000
000100000000000000
000100000000000000
000100000000000000
000100000000000000
000100000000000000
000100000000000000
000100000000000000
000100000000000000
000100000000000000
000100000000000000
000100000000000000
000100000000000000
000100000000000000
000100000000000000
000100000000001100
000100000000001100
000100000000001100
000100000000001100
000100000000001100
000100000000001001
000000000000001001
000000000000001001
000000000000001001
000000000000001001
000000000000001001
000000000000001001
000000000000000001
000000000000000001
000000000000000001
000000000001000001
000000000001000001
000000000001000001
000000000001000001
000000000000000001
000100000000000001
000100000000000001
000100000000000101
000100000000000100
000100000000000100
000100000000000100
100100000000000100
100100000000000100
100100000000000100
100100000000001100
100100000000001100
100100000000001100
100100000000001100
100100000000001100
100000000000001100
000000000000000000
000000000000000001
000000000001000001
000000000001000001
000000000001000001
000000000001000001
000000000011000001
000000000011000001
000000000011000001
000000000011000001
000000000001000001
000000000001000001
000000000001000001
000000000001000000
000000000001001100
000100000001001100
000100000001101100
000100000000101100
000100000000100000
000100000000100000
000100000000100000
000100000000100000
000100000000000000
000100000000000000
000100000000000000
000100000000000000
100100000000100000
100000000100100001
100000000100100001
100000000100100001
100000010100100001
100000010000100001
100000010000000001
100000010000000001
100100000000001000
100100000000001000
100100000000001000
100100000000001000
100100000000001000
100100000000001000
100100000000001000
100100000000000000
000100000000000000
000100000000000000
000100000001100000
000100000001100000
000100000001100000
000000000001100001
000000000001000001
000000000001000001
010000000001000001
010000000001000001
010000000001000001
010000000000000000
000000000000000000
000000000000000000
000000000000000000
000000000000000000
000000000000000000
000000000000000000
000000000000000000
000000000000000000
000000000000000000
000000000000000001
000000000000000001
000000000000000001
000000000011000001
000000000011000001
000000000011000001
000000000011000000
000000000011000000
010000000001000000
010000000001000000
010000000001000100
000000000001100100
010000000001100100
010000000001100100
010000000001101100
010000000001101100
010000000001101100
010000000001101100
010000000001101100
000000000001101101
000000000100100001
000000000100100001
000000000100100001
000000000100100001
000000000100100001
000000000100100000
000000000100000000
000000000100000000
000000000100000000
000000000100000000
000000000100000000
000000000000000000
000100000000000000
000100000000000000
000100000000000000
000100000000000000
000100000000000000
000100000000000000
000100000000000000
000100000000000000
000100000000000000
000100000000000000
000100000000000000
000100000000000000
000100000000000000
000100000000000000
000100000000000000
000100000000000000
000100000000000000
000100000000000000
000100000000000000
000100000000000000
000100000000001000
000100000000001000
000100000000001000
000100000000001100
000100000000001100
000000000000001101
000000000001001101
010000000001000101
010000000001000001
010000000001000001
010000000001000001
110000000000000001
110000000000000001
110000000000000000
110000000000000000
110000000000000000
110000000000000000
110000000000000000
010000000000000000
010000000000000000
000100000000000000
000100000000000000
000100000000000000
000100000000000000
000100000000000000
000100000000000000
000100000000000000
000100000000000000
000100000000000000
000100000000000000
000100000000000000
000100000000000000
000100000000000000
000100000000000001
000000000000000001
000000000000000001
000000000001000001
000000000001000001
000000000001000001
000000000001000001
000000000000000001
000000000000000000
000000000000000000
000100000000000000
000100000000000000
000100000000000000
000100000000000000
000100000000000000
000100000000001100
000101000011001100
000101010011001100
000101010011001100
000101010011101100
000101010000101000
000100000100100000
000100001100100000
000100001100100000
000100001100100000
000100001100100000
000100001100100000
000100001100100000
000100001100100000
000100001100100000
000100001100100000
000100001100100000
000100001100100000
000100001100100000
000100001100100000
000100000100100000
000100000100100000
000100000100100000
000100000100000000
000100000101000000
000100000101000000
000100000101000000
000100000101000000
000100000101000000
000100000101000000
000100000101000000
000100000101000000
000100000101000000
000100000101000000
000100000101000000
000000000101100001
001000100101100001
001000100101100001
001000100101100001
000000100101100001
000000000101100001
000000000101100001
000000010001101000
000100010001001100
000100010000001100
000101010000001100
000101010000001100
100101010000001100
100101010000001100
100101010000001100
100100000000001100
100100000000000000
100100000000000000
100100000000000000
100100000000000000
100100000000000000
100100000000000000
100100000000000000
100100000000000000
100100000000000000
100100000000000000
100100000000000000
100100000000000000
100100000000000000
000100000000100000
000100000000100000
000100000000100000
000100000000100000
000100000000100000
000100000000000000
000100000000000000
000100000000000000
000100000000000000
000100000000000000
000100000000000000
000100000000000000
000100000000000000
000100000000000000
000100000000000000
000100000000000000
000100000001000000
000100000001000000
000100000001000000
000100000001000000
000100000001000000
000100000001000000
000100000001000000
000100000000001000
000100000000001100
100100010000001100
100100010000001100
100100010000001100
100100010000001100
100100000000001100
000100000000000000
000100000000000000
000100000000000000
000100000000000000
000100000000000000
000100000000000000
000000000000000000
000000000100000001
000000000100000001
000000000100000001
000000000100000001
000000000100000001
000000000100000001
000000000100000001
000000000000000000
000000000000000000
000000000000000000
000000000000000000
000000000000000000
000000000000000000
000000000000000000
000000000000000000
100000000000001000
100100000000001000
100100000000001000
100100000000001000
100100000000001100
101100000000001100
101100000000001100
101000000000001100
101000000000001100
101000000000001100
101000000000001100
101000000000001100
101100000000001100
101100000000001100
100100000000001100
100100000000001100
100100000000001000
100100000000000000
100100000000000000
000100000000000000
000100000000000000
000100000000000000
000100000010000000
000100000010000000
000100000010000000
000100000010000000
000100000000000000
000100000000000000
000100000000000000
000100000000000000
000000000001000000
000000000001000000
000000000001000001
000000000001000001
000000000001000101
000000000001000101
000000000001000101
000000000001000101
000000000001000101
000000000001000101
000000000001000101
000000000001000001
000000000000000001
000000000000000000
000000000000000000
000000000000000000
000000000000000000
000000000000000000
000000100000000000
000000100000000001
000000100000000001
000000100000000001
000000100000000001
000000100000000001
000001100000000001
000001100000000001
000001100000000001
000001100000000001
000001000000000001
000001000001100001
000001000001100001
000001000001100001
000001000001100001
000001000001000001
000001000001000001
000001000001000001
000001000001000001
000001000001000001
000001000001000001
000001000001000001
000001000000000000
000000000000000000
000100000000000000
000100000000000000
000100000000000000
000100000000000000
000100000000000000
000100000000000000
000100000000000000
000100000000000000
000100000000000000
000100000000000000
000100000000000000
000100000000001000
000100000000001000
000000000000001101
000000000000001101
000000000001001101
000000000001001101
000000000001001101
000000000001001101
000000000001001101
000000000001001101
000000000001000101
000000000000000100
000000000000000100
000000000000000000
000000000000000000
000000000000000000
000000000000000000
000000000000000000
000000000000000000
000000000000000000
000000000000000000
000000000000000000
000000000000000000
000000000000000000
000100000000000000
000100000000000000
000100000000000000
000100000000000000
001100000000000000
001100000000000000
001100000000000000
001100000001000100
001100000001001100
001100000001001100
001100000000001100
001100000000001100
001100000000000000
001100000000000000
001100000000000000
001100000000000000
001100000000000000
001100000000000000
001100000000000000
001100000000000000
001100000000001000
001100000000001000
001100000000001000
001100000000001000
000100000000000000
000100000000000000
000100000000000000
000100000000000000
000100000001000000
000100000001000000
000100000001000000
000100000001000000
000100000001000000
001100000001000000
001100000001000000
001100000001000000
001100000001000000
001100000001000000
001100000001000000
001100000001000000
001100000001000000
001100000001000000
001100000001000000
001000000001000000
001000000001000001
001000000001000001
001000000001000001
001000000000000001
000000000000000001
000000000000001001
000000000000001100
000000000000001100
000000000000001100
000000000000001100
000000000000001100
000000000000001100
000000000000001100
000000000000001100
000000000000001100
000000000000001100
100000010000101101
100000010000101101
100000010000101101
100000010000101001
100000010000101001
100000010000101001
100000010000101001
100100000000101000
100100000000100000
100100000000000000
100100000000000000
100100000000000000
100100000000000000
100100000000000000
100100000000000000
100100000000000000
000100000000000000
000100000000000000
000100000000000000
000100000000000000
000100000000000000
000100000000000000
000100000000000000
000100000000000000
100100000000000000
100100000000000000
100100000000000000
100100000000000000
110100000000000100
110000000000000101
110000000000000101
110000000000000101
110000000000000001
110000000000000001
110000000000000001
110000000000000001
110000000000000001
110100000001000000
110100000001000000
110100000001001100
100100000001001100
100100000001001100
100100000001001100
100100000001001100
110100000000001100
110100000000001100
110100000000001100
110100000000000000
110100000000000000
110100000000000000
110100000000000000
110100000000000000
110100000000000000
110100000000000000
110100000001000000
100100000001000000
100100000001000000
100100000001000000
100100000001000000
100100000001000000
100100000000000000
100100000000000000
000000000000000000
000000000000000001
000000000000000001
000000000000000001
000000000000000001
000000000000000001
000000000000000000
000000000000000000
000000000000000000
000100000000000000
000100000000000000
000100000000000000
000100000000000000
000100000000000000
000100000000000000
000100000000000000
000100000000000000
000100000000000000
000100000000000000
000100000000000000
000100000001000000
000100000001000000
000100000001000000
000100000001000000
000100000001000000
000100000001000000
000100000001000000
000100000001100000
000100000001100000
000100000001100000
000100000001100000
000100000001100000
000100000001100000
000100000000100000
000100000000000000
000100000000000000
000100000000000000
010100000000000000
010100000000000000
000100000000000000
000100000000000000
000100000000000000
000100000000000000
000100000000000000
000100000000000000
000000000000000000
000000000000000000
000000000000000000
000000000000000000
000000000000000000
000000000000000000
000000000000000000
000000000000000000
000000000000000000
000000000000000000
000000000000000000
000000000000000000
000000000000001100
000000010100001101
110000010101001101
110000010101001101
110000010001001101
110000000001001101
110000000001000001
110100000001000001
110100000001000001
110100000001000000
110100000001000000
110100000001000100
110100000001000100
110100000001000100
110100000001000100
110100000001000100
110100000001000100
110100000001000100
110100000001000100
110100000001000100
110100000001000100
110100000000000100
110100000000001000
110100000000001000
110000000000001000
110000000000001000
110000000000001100
110000000000001100
000000001100001100
000000001100001100
000000001100001100
000000001100000000
000000001100000000
000000001100000000
000000001100000000
000000001100000000
000000001100000000
000000001100000000
000000001100000000
000000001100000000
000000000100000000
000000000100000000
000000000100000000
000000000100000000
000000000100000000
000000000100000000
000000000100000000
000000000100000000
000000000100000001
000000000100000001
000000010100000001
000000010100001101
000000010100001101
000000010100001101
000000010000001101
000000010000001101
000000010000001100
000000000000001000
000100000000000000
000100000000000000
000100000000000000
000100000000000000
000100000000000000
000100000000000000
000100000000000000
100100000000000000
100100000001000000
000100000001000000
000100000001000000
000100000001000000
000100000001000100
000100000001000100
000100000001000100
000100000000000100
000100000000000000
000100000000000000
000100000000000000
000100000000000000
000100000000000000
000100000000000000
000100000000000000
000100000000000000
000100000000000000
000100000000000000
000100000000000000
000100000000000000
000100000000000000
000100000000000000
000100000000000000
000100000001000000
000100000001000001
000000000001000001
000000000001000001
001000000001000101
001000000001001101
001000000001001101
001000000001001101
000000000001001101
000000000000001101
000000000000000001
000000000000000000
000000000000000000
000000000001000000
000100000001000000
000100000001000000
000100000001000000
000100000001000000
000100001001000000
000100001001000000
000100001101000000
000000011101001000
000001011101001001
000001011100001001
000001011101001001
000001011101001001
000001011101000001
000000001001000001
000000001001000001
000000001001000001
000000001001000001
000000001001000000
000001011100001100
000001011100001100
000001011100001100
000001011100001100
000001011100001100
000001011100001000
000001011100000001
000000011101000001
000000011101000001
000000011101000001
000000011101000001
000000011101000001
000000011101000001
000000001100000001
000000001100000000
000000001100001000
000000001100001000
000000001100001000
000000000100001000
000000000000001000
000000000000000001
000000000001000001
000000000001000001
000000000001000001
000000000001000001
000000000001000001
000000000001000001
000000000001000000
010000000001000000
010100000001000000
010100001001001000
010100001001001000
000100011101001000
000100011101001000
000100011101001000
000000011101000001
000000011101000001
000000011101000001
000000011101000001
000000011111000001
000000001111000001
000000000011000000
000000000011000000
000000000011000000
000000000011001100
000000000011001100
000000000011001100
000000000001001100
000000000001000000
000000000001000001
000000000101000001
000000000111000001
000000000111000001
000000000111000001
000000000111000001
000000000011001100
000000000011001100
000000000011001100
000000000011001100
000000000011001000
000000000011000000
000000000011000000
000000000011000000
000000000111000001
000000000111000001
000000000101000001
000000000101000001
000000000100000001
000000000100000001
000000000100001000
000000000100001000
000000000100001000
000000000100001000
000000000100000000
000000000100000000
000000000100000001
000000000100000001
000000000101000001
000000000101000001
000000000101000001
000000000101000001
000000000101000001
000000000101000000
000000000100000000
000000000100000000
000000000100000000
000100000100000000
000100000100000000
000100000100000000
000100000100000000
000100000100000000
000100000100000000
000100000100000000
000100000100001000
000100000100001000
000100000100001000
000100000100001000
000100000100001000
000100000100001000
000100001100001000
100100001100001100
110100011100001100
110100011100001100
110100011100001100
110100011100001000
110100011100001000
110100011100001000
110100011100001000
110100011100001100
110100011101001100
110100000111000100
110100000111000100
110100000111000100
110100000111000100
110100000001001100
110100000001001100
110100000001001100
110100000001001100
100100000001000000
100100000001000000
100100000001000000
100100000001000000
110100000001000000
110100000001000000
110000000001000000
110000000011000000
110000000011000000
110000000011000000
010000000011000000
010000000011000000
010000000010000000
000000000010000000
000000000010000000
000000000010000000
000000000110000000
000000000110000000
000000001110000000
000000001110000000
000000001110000001
000000001110000001
000000000110000001
000000000110000001
000000000110000001
000000000010000001
000000000011000000
000000000011000000
000000000011000000
000100000011000000
000100000011000000
000100000000100000
000100000000100000
000100000000100000
000100000000000000
000100000001000000
000100000001000000
000100000001000000
000100000001000000
000100000001000000
000100000001000000
001000000001000001
001000000001000001
001000000001000001
001000000001000001
000000000001000001
000000000001000000
000000000000000000
000100000000000000
000100000000000000
000100000000000000
000100000000000000
010100000000000000
010100000000000000
110100000000000000
110100000000000000
110100000000000000
110100000000000000
110100000000000100
110100000000001100
110100000000001100
110100000000001100
110100000100001000
110100000100001000
110100000100000000
110100000100000000
110100000100000000
100100000100000000
100000000100000000
100000000100000000
100000000100000000
100000000100000000
100000000100000000
000000000100000000
000000000100000000
000000000100000000
000000000100000000
000000000100000000
000000000000000001
000000000000000001
000000000000000001
000000000000000001
000000000000000001
000000000000000001
000000000001000001
000000000001000000
000000000000000000
000000000000000000
000000000000000000
000000000000000000
000100000000000000
000100000000000000
000100000000000000
000100000000000000
000100000000000000
000100000000000000
000100000000000000
000100000000000000
000100000000000000
000100000000000000
000100000000000000
000100000000000000
000100000000000000
000100000000000000
000100000000000000
000100000000000000
000100000000000000
000100000000000000
000100000000000000
000100000000000000
000100000000000000
000100000000000000
000100000000000000
000100000000000000
000100000000000000
000100000001000000
010000000001000000
010000000001000001
110000000001000001
110000000001000001
110000000001000001
110000000001000001
010000000000000001
000000000000000001
000000000000001001
000000000000001001
000000000000001001
110000000000001000
110000000000001000
110100000000001000
110100000000000000
110100000000100000
110100000000100000
000100000001100000
000100000001100000
000100000001100000
000100000001000000
000100000001000000
000100000001000000
000100000000000000
000100000000000000
000100000000000000
000000000000000000
000000000000000000
000000000000000000
000000000000000001
000000000000000001
000000000000000001
000000000000000001
000000000000000001
000000000000000001
000000000000001001
000000010000101001
000000110000101000
000000110000101000
000000110000101000
000000110000101001
000000100101101001
001000100101101001
001000100101101001
001000100101101001
001000000001100001
000000000001100001
000000000000100000
000000000000100000
000000000000000000
000100000000000000
000100000000000000
000100000000000000
000100000000000000
000100000000000000
000100000000000000
000100000000000000
000100000000000000
000100000000000000
000100000000000000
000100000000000000
000100000000000000
000100000000000000
000000000000000000
000000000000000000
000000000000000001
000000000000000001
000000000000000001
000000000000000001
000000000000000001
000000000000000001
000000000000000001
000000000000000000
000000000000000000
000000000000000000
000100000000000000
000100000000000000
000100000000000000
000100000000001100
000000000000001100
000000000000001100
000000000000001100
000000000000001100
000000000000001101
000000000000001101
000000000001000101
100000000001000101
100000000001000101
100000000001000101
100000000001001101
100000000001001101
110100000001001100
110100000001001100
110100000001001000
110100000001001000
010100000001001000
000100000001000000
000100000001000000
000100000001100000
000100000000100000
000100000100100000
000100000100100000
000100000100100000
000100000100100000
000100000100000000
000100000000000000
000100000000000000
000100000000000000
000100000000000000
000100000000000000
000100000000000000
000000000000000001
000000000001000001
000000000001000001
000000000011000001
000000000011000001
000000000001000101
000000000001000101
000000000001000100
000000000001000100
000000000001000000
000000000001000000
000000000001000000
000000000001000000
000100000001000000
000100000001000000
000000000001000000
000000000001000000
000000000000000000
100000000000001000
100000000000001100
100000000000001100
100000000000001100
100000000000001100
000100000000001100
000100000000001100
000100000000001000
000100000000000000
000100000000000000
000100000000000000
000100000000000000
000100000000000000
000100000000000000
000100000000000000
000100000000000000
100100000000001000
100100000000001100
100100000001001100
100100000001001100
100100000001001100
100100000001000000
100100000001000000
000100000001000000
010100000001000000
010100000001000000
000100000001000000
000000000001000000
000000000001000000
000000000001000000
000000000001000001
000000000001000001
000000000001000001
000000000001000001
000000000001000001
000000000000000001
000000000000000001
000000000000000000
000100000000000000
000100000000000000
000100000000000000
000100000000000000
000100000000000000
000100000000000000
000100000000000000
000100000000000000
000100000000001100
000100000000001100
000100000000001100
100100000000001100
100100000000001100
100100000000001100
100100000000101100
100100000000101100
100100000000101100
100100000001101100
100100000001101100
100100000001001100
100100000001001100
100100000001001000
100100000001000000
001000000001000001
001000000001000001
001000000001000001
001000000001001101
001000000001001101
001000000001001101
001000000001001101
000000000001000100
000000000001000000
000100000001000000
000100000001000000
000100000001001000
000100000001001000
000100000001001100
000100000001001100
000100000001001100
000100000001001100
000100000000001000
000100000000001000
000100000000000000
000100000000000000
000100000000000000
000100000000000000
000100000000000000
000100000000000000
000100000000001000
000100000000001000
001100000000001000
001100000000001000
000100000000001000
000100000000001000
000100000000001000
000100000000001000
001100000000001000
001100000000001000
001100000000001000
001100000000001000
001100000000001000
001100000000001100
001000000000001101
000000010000001101
100000010000101101
100000010000101101
100000010001101101
100000010001101101
100000010001001101
100100010001001000
100100010000001000
100100010000001000
100100000000001000
100100000000000000
100100000001000000
100000000001000000
100000000001000000
100000000001000000
100000000001000000
000000000001000000
000000000001000000
000100000001000000
000100000001000000
000100000001000000
000100000001000000
000100000001000000
100000000001000100
100000000001000100
100000000001000100
100000000001000101
100000000001000101
001000000001000101
001000000001000101
001000000001000101
001000000001000101
001000000001000101
001000000001000100
000000000001000000
000100000001000000
000100000001000000
000100000001000000
000100000001000000
000100000001000000
000100000001000000
000100000001000000
000100000001000000
000100000001000000
000100000001000000
000100000001000000
000100000001000000
000100000001001000
000100000001001101
000000010001001101
000000010001101101
000000010001101101
000000010001101101
000000010001001101
000000010001001101
000000000001001101
000000000001001000
000000000001000000
000100000001000000
000100000001000000
000100000001000000
000100000001001000
010100000001001000
010100000001001000
010100000001001000
010100000001001000
010100000001001000
010100000001001000
010100000001000000
010100000001000000
010100000001000000
010100000001000000
010100000001000000
010100000001000000
010100000001000000
000000000001000100
000000000001000101
010000000001001101
010000000001001101
000000000001001101
000000000001001101
000000000001000101
000000000001000000
000000000001000000
000000000001000000
000000000000000000
000000000000000000
000000000000000000
000000000000000000
000000000001000000
000000000001000000
000000000001000000
000000000001000000
000000000001000000
000000000001000000
000000000000000000
000000000000000000
000000000000000000
000100000000000000
000100000000000000
000100000000000000
000100000000000000
000000000000000001
000000000000000001
000000000000000001
000000000000000001
000000000000000001
000000000000000001
000000000000000001
000000000000000001
000000000000000000
000100000000000000
000100000000001000
000100000000001100
000100000000001100
010100010000001100
110100011000001100
110101011000001100
110101011000001100
110101011000001100
110101011000001000
110100011000001000
110100011000001000
110100011000001000
110100010000001000
110100000000001000
110100000000000000
010000000000000001
010000000000000001
010000000000000001
000000000000000001
000000000000000001
000000000000000001
000000000000001101
000000000000001101
000000000000001100
000000000000001100
000000000000001000
100000010100001000
110000010100001001
110000010100001001
010000010100001001
010000010100001001
010000110100001001
010001110100001101
000001111100001101
000001111100001101
000001111100001101
000001111100001001
000001011100001001
000001011100001001
000101011100001000
000101011100001000
000101011100001000
000101011100001000
000101011000001000
000100010000001000
000100010000001000
000000000000001000
000000000001001000
000000000001001000
000000000001000000
000000000011000000
000100000011000000
000100000010000000
000100000010001000
000100000010001100
000000000010001100
001000000010001101
001000000010001101
001000000000001101
001000000000001101
001000000000001101
000000000000001101
000000000000001101
000000000000001100
000000000000001100
000100000000000000
000100000000000000
000100000000000000
000100000000000000
000100000000000000
000100000000000000
000100000000000000
001100000000000000
001100000000001000
001100000000001000
001100000000001000
001100000000001000
001100000000001000
000100000000001000
000100000000001000
000100000000001000
000100000000001000
000000000000000000
000000000001000001
000000000011000001
000000000011000001
000000000011000001
000000000001000001
000000000001000001
000000000000000000
000000000000000000
000000000000000000
000000000000000000
000000000000000000
000000000000000000
000000000000000000
000000000000000000
000000000000000000
000000000000000000
000000000000000000
000000000000000000
000000000000000000
010000000000000100
010000000000001100
010000000000001100
010000000000001100
010000000000001100
010000000000001100
010000000000000000
000000000000000000
000000000000000000
000000110100000001
000000110100000001
000000110100000001
000000110100001001
000000011100001001
000000011100001001
000000011100001000
000000001100001000
000000000100001000
000000000000000000
000000000000000000
000000000001000000
000100000000000000
000100000000000000
000100000000000000
000100000000000000
000000000000000000
000000000000000000
000000000000000000
000000000001000000
000000000011000001
000000000011000001
000000000011100001
000000000011100001
000000000011100001
000000000001100001
000000000001100000
000000000001100000
000000000001100000
000000000001100000
000000000001001000
000000000000001000
000100000000001000
000100000000001000
000100000000000000
000100000000000000
000100000000000000
000100000000000000
000100000000000000
000100000000000000
000100000000000000
000100000000001000
000100000000001000
000100000100001000
000100000100001000
000000000100001001
001000000000000001
001000000000000001
001000000001000001
001000000001000001
000000000001000001
000000000001000000
000000000001000000
000000000001000000
000000000001000000
000000000001000000
000000000001000000
000000000001000000
000000000001000000
000000000001000000
000101000001000000
000101011000001000
000101011100001000
000101011100001000
000101011100001000
000101011100001000
000101011100001000
000100011100001000
000100011100001000
000000011100100001
000000011100100001
000000011100100001
000000011100100001
000000011100100001
000000011100000001
000100011100001001
000100011000001001
000100010000001000
000100000000001000
000100000001000000
010100000001000000
010100000001000000
010100000001000000
010100000001000000
000100000001000000
000100000001000000
000100000001000000
000100001001001100
000100011001001101
000000111101001101
000001111101101101
000001111101101001
000001111100101001
000001111100101001
000011111100101001
000001111100101001
000111111100101000
000101111100101000
000101111100101000
000101011100101000
000101011100001000
000101011100001000
000101011100001000
000101011100001000
000101011100000001
000000011110000001
000000011110000001
000000000111000001
000000000111000001
000000000111000001
000000000111000001
000000000111000000
000000000011000100
000100000010001100
000100000000001100
000100000000001100
000100000100001100
000100000100001100
000000010100001101
000000010101001101
000000010101001101
000000010101001001
000000011101001001
000000011100001001
000000011100001001
000000011100001001
000000011100001001
000000001100100001
000000001101100000
000000001101100000
000000001101100000
000000001101100000
000000001101100000
000000001101100000
000000001101100000
000000001101100000
000000001101100001
000000001101100001
000000001101100001
000000001101100001
000000001101100001
000000001101100001
000000001101100001
001101100011000001
001101100011000001
001101100011000001
001101100011000001
001101100011000001
001101100011000001
000101100011100001
000101100011100001
000101100011100001
000101100011100001
000101100111100001
000101100111100001
000101100111100001
000101100111100001
000101100111100001
000101100111100001
000101100111100001
000101100111100001
000101100111100001
000111100111100001
000111100111100001
000111110111100001
000111110111100001
000111110111100001
000111110111100001
000111110111100001
000000000000000000
000000000000000000
