151
000000000000100000
000000000000100000
000100000000100000
000100000000100000
000000000000100000
000000000000100000
000000000000100000
000000000000000000
000000000000001100
000000000000001101
000000000000001101
000000000000001101
000000000000000101
000000000000000001
000000000000000001
000000000000000001
000000000000000001
000000000000001001
000000000000001001
000000000000001001
000000000000001001
000000000000001001
000000000000001001
000000000000001001
000000000000001001
000000000000001001
000000000000001001
000000000000001000
000100000000000000
000100000000000000
000100000000000000
000100000000000000
000100000000000000
000100000000001000
000100000000001000
000100000000001000
000100000000001000
000100000000001000
000100000000001000
000100000000001000
000100000000001000
000000000000001000
000000000000001101
000000000000001101
000000000000001101
000000000000001101
000000000000001101
000000000000000001
000000000000000001
000000000000000001
000000000000000001
000000000000000001
000000000000000001
000000000000100001
000000000000100001
000000000000100001
000000000000100001
000000000000001001
000000000000001001
010000000000001001
010000000000001001
110000000000001001
110000000000001000
110000000000001100
110100000000001100
110100000000001100
110100000000001100
110100000000001100
110100000000001100
110100000000001100
110100000000001100
110100000000001100
110100000000001100
110100000000001100
110100000000001000
110100000000000000
110100000000000000
110100000000000000
110000000000000000
010000000000000000
010000000000000001
010000000000000001
010000000000000001
010000000000000001
000000000000000001
000000000000000000
000000000000000000
000000000000000000
000000000000000000
000000000000000000
000000000000000000
000000000000000000
000100000001000000
000100000001000000
000100000001000000
000100000001000000
000100000001000000
000100000000000000
000100000000001000
000100000000001000
000100000000001000
000100000000001000
000100000000001000
000100000000001000
000100000000001000
000100000000001000
000100000000001000
000100000000001000
000100000000001001
000100000000001001
000100000000000001
100100000000000001
100100000000000000
100100000000000000
100100000000000000
100100000000000000
100100000000000000
100100000000000000
100100000000000000
110100000000000000
110100000000000000
110100000000000000
100100000000000000
100100000000000000
100100000000000000
100100000000000000
100100000000000000
100100000000000000
100100000000000000
000100000000000000
000100000000000000
000100000000000000
000100000000000000
000100000000000000
000100000000000000
000100000000000000
000100000000000000
000100000001000000
000100000001000000
000100000001000000
000100000001000000
000100000001000000
000100000000000000
000100000000000000
000100000000000000
000100000000000000
000100000000000000
000100000000000000
100100000011001100
100100000010001100
100100000010001100
