1631
010100001000001000
010100001100001100
010100001000001100
110100001000000000
110000000010000001
110000000010000001
110000000010000001
110000010010101101
100101010010101101
100111010010101101
100111110010101101
000111111010101101
000111111010001100
000111111010001100
000111111010001100
000100111010001000
000100111010001000
000100110011001000
000100100011001000
000100100011001000
000100000011001000
000100000011000000
000100000011000000
000100000011000000
000100000011000000
000100000011000000
000000000011000001
000000000001000001
000000000101000001
000000000101000001
000000000101000001
000000000101000001
000000000101000001
000000000101000001
000000000101000001
000000000101000001
000000000101000001
000000000101000001
000000000101000001
000000000101000001
000000000101000001
000000000101000001
001000100101000001
001010100101000001
001010100101000001
001010100101000001
001010100101000001
001010100101000001
001010100101000001
001010100101000001
001010100001000001
001000100001000001
001000100001000001
001000100001000001
001000100001000001
001000100001000001
001000100001000001
001000100001000011
001000100001000011
001000100001000011
001000100001000011
001000100001000011
001000100001000011
001000100001000001
001000100001000001
001000100001000001
001000100001000001
001000100001000001
001000100001000001
001000100001000001
001000100001000001
001000100000000001
001000100001000001
001000100000000001
001000100001100001
001000100001100001
001000100001100001
001000100001100001
001000100101100001
001010100101100001
001010100101000001
001010100101000001
001010100101000001
001010100001000001
001000100001000001
001000100001000001
000000100001000001
000000000000000001
000000000000000000
000000000000000000
000100000000000000
000100000000000000
000100000000000000
000100000000000000
000100000000000000
000100000000000000
000100000000000000
000100000000000000
000100000000001000
000100000000001000
000100000000001000
000100000000001000
000100000000001000
000100000000001000
010000000000001100
010000000000001100
010000000000001100
010000000000001100
010000000000001100
010000000000001100
010000000000001100
010000000000000000
010000000000000000
010000000001000000
010000000001000000
010000000001000001
000000000001000001
000000000001000001
000000000001000001
000000000001000000
000000000000000000
000000000000000000
000100000000000000
000100000000000000
000100000000000000
000100000000000000
000100000000000000
000100000100001000
000100000100001000
000100000100001000
000100000100001000
000100000100001000
000100000100001000
000100000100001000
000100001100000000
000100001100000000
010100001100000000
010100001100000000
110100001100000000
110100000100000000
110100000100000000
110100000000000000
110100000000001000
110100000000001000
110100000000001000
110100000000001100
110100000000001100
110100000000001100
110100000000001100
110100000000001100
110100000000001100
110100000000001100
110100000000001100
110100000000001100
110100000100001100
110100001100001100
110100001100000100
110100001100000100
110100001100000100
010000001100000100
010000001100001101
010000001100001101
010000000100001101
010000000100001101
000000000000001101
000000000000000101
000000000000000101
000000000000000101
000000000000000101
000000000000000101
000000000000000101
000000000000000110
000100000000000110
000100000000000010
000100000000000010
000100000000000010
000100000000000000
000100000100000000
000100000100000000
000100000100000000
000100000100000000
000100000100001100
000100000100001100
000100000100001100
000100000100001100
000000000100001000
000000000100000001
000000000100000001
000000000100000001
000000000100000001
000000000100000001
000000000100001000
000000000100001100
000000000100001100
000000000100001100
000000000000001100
000000000001001000
000000000001000000
000100000001000000
000100000001000000
000000000001000000
000000000001000000
000000000001000000
000000000001000001
000000000001000001
000000000001000001
000000000001000001
000000000001000001
000000000001000001
000000000001000001
000000000001000001
000000000101000001
000000000101000001
000000000101000001
000000000101000001
000000000100000001
000000000100000001
000000000100000001
000000000100000001
000000000100000001
000000000100000001
000000000100000001
000000000100000001
000000000100000001
000000000101000001
000000000101000001
000000000101000001
110000000101000001
110000000001000001
110000000001000000
110000000001000000
110100000001000000
110100000001000000
110100000001000000
110100000001000000
110100000011000000
110100000010000000
110100000010000000
110100000010000000
110100000010001000
110100000010001000
110100000010001000
110100000010001000
110100000010001000
110100000010001000
110100000000001000
110100000000001000
110100000000000000
110100000000000000
110100000000000000
110100000000000000
110100000011000000
010100000011000000
010100000011000000
010100000011000000
010100000011000000
010100000001000000
110100000001000000
110100000001000000
110100000001000000
110100000001000000
110100000001000000
110100000001000000
110100000001000000
110100000001000000
110100000001000000
110100000001000000
110000000001000001
000000000001000001
000000000001000001
000000000001000001
000000000001000001
000000000001001001
000000000001001000
000100000001001000
000100000001001000
000100000001001000
000100000001001000
000100000001001000
000100000001000000
000100000001000000
000100000001000000
000100000001000000
000100000001000000
000100000001000000
000100000001000000
000100100011000000
000100100011000000
000100100011000000
000100100011000000
000100100011000000
000100000011000000
000100000011000000
000100000011000000
000100000011000100
000100000011000100
000100000011000100
000100000011000100
000100000011000100
000100000011000000
000100000011000000
000100000011000000
000100000011000000
000100000011000000
000100000011000000
000100000011000000
000100000011000000
000100000011000000
000100000001000000
000100000001000000
000100000001000000
000100000001000000
000100000001000000
000100000001000000
000100000001000000
000100000001000000
000100000001000000
000100000001000000
000100000001000000
000100000001000000
000100000001000000
000100000011000000
000100000011000000
000100000011000000
000100000011000000
000100000011000000
000100000001000000
000100000001000000
000100000001000000
100100000001000000
100100000001000000
100100000001001000
100100000001001000
100100000001001000
000100000001001100
000000000001001101
000000000001001001
000000000001001001
000000000001001001
100000000001000001
100000000001000001
100000000001000001
100000000001000001
000000000001000001
000000000001000001
000000000001000001
000000000000000001
000000000100000101
000000000100000101
000000000100000101
000000000100000101
000000000100000001
000000000100000001
010000000100000001
010000000100000001
010000000100000001
010000000100000001
010000000100000001
010000000100000001
010000000100000001
010000000100000001
010000000000000001
010000000000000001
110000000001000001
110000000001000001
110000000001000001
110000000001000001
110000000001000001
110100000000000000
110100000000000000
110100000000000000
110100000000000000
110100000000000000
110100000000001000
100100000000001000
100100000000001000
100100000000001000
000100000000001000
000100000000001000
000100000000001000
000100000000000000
000100000000000000
000000000000000100
000000000000000101
000000000000001101
100000000000001101
100000000010001101
100000000010001101
100000000011001100
000100000011000000
000100000011000000
000100000011000000
000100000011000000
000100000011000000
000100000011001000
000100000011001000
000100000011001000
000100000011001000
000100000011001000
000100000011001100
000100000011001100
000100000011001100
000100000011001100
000100000011001100
000100000011001100
000000000011001101
000000000001001101
000000000001001101
000000000001000101
000000000001000101
000000000001000001
000000000001000001
000000000001000001
000000000001000001
000000000001000001
000000000000000001
000000000001000001
000000000001000001
000000000000000101
000000000000000101
000000000000000101
000000000000000101
000000000000000101
000000000000000101
000000000000000101
000000000000000101
000000000000000001
000000000000100001
000000000001100001
000000000001100001
000000000001100001
000000000001100001
000000000001100001
000000000001100001
000000000011000001
000000000011000001
100000000010000001
100100000010000000
110100000010000000
110100000000000000
110000000000100000
110000000000100000
110000000000100000
110000000000100000
110000000000100000
110100000000100000
110100000000100000
000100000000001100
000100000000001100
000100000000001100
000100000001001100
000100000001000000
000100000001000000
000100000001000000
000100000001000000
000100000001000000
000100000001000000
000100000000000000
000100000000000000
000100000000001000
000100000000001000
000100000000001100
000100000000001100
000000110000001101
000000110000001101
000000110000001101
000000110000001101
000100000000001101
000100000000000001
000100000000000000
000100000000000000
000100000000000000
000100000000000000
000100000000000000
000100000000000000
000100000000000000
000100000000000000
000100000000000000
000100000000000000
000100000000000000
000100000000000000
000100000000000000
000100000000000000
000100000000000000
000100000000000000
000100000000000000
000000000000000000
000000000000000000
000000000000000000
000000000000000000
000000000000000001
000000000000000001
000000000000000001
000000000000000001
000000000000000001
000000000000000000
000000000000000000
000000000001000000
000100000001000000
000100000001000000
000100000001000000
100100000001000000
110100000001000000
110100000001001100
110100000011001100
110100000011001100
110100000011001100
110100000011001000
110100000011001000
110100000011001000
110100000011001000
110100000011000000
110100000011000000
010100000011000000
010100000011000000
000100000011000000
000100000011001000
000100000011001000
000100000011001000
000000000001001000
000000000001000001
000000000001000001
000000000001000001
000000000001000001
000000000001000001
000000000011000001
000000000011000001
000100000011000000
000100000011000000
000100000011000000
000100000011000000
000100000011000000
100100000011000000
100100000011000000
100100000011000000
110100000011000000
110100000011000000
100100000011001100
100000000011001100
100000000010001100
100000000000001100
100000000000001100
100000000000001100
000000000000100001
000000000001100001
000000000001100001
000000000001100001
000000000001000001
000000000000000000
000100000000000000
000100010000001000
000100010000001000
000100011000001000
000100011000001000
000100001000000000
000100001000000000
100100001000000000
100100001000000000
100100000000000000
100100000000000000
100100000000000000
000100000000000000
000100000000000000
000000000000000001
000000000000000001
000000000000000001
000000000000000101
000000000000000101
000000000000010101
000000000000010101
000000000000010101
000000000000010101
000000000000010101
000000000010010101
000000000010000101
000000000011000000
000000000011000000
000000000011000000
000000000011000000
000000000011000001
000000000000000001
010000000000000001
010000000000000001
010000000000000001
010000000000000001
000000000000000001
000000000000000001
000000000000000001
000000000000000000
000000000010000000
000000000010000000
000000000011000000
000000000011000000
000000000011000000
000000000011000000
010000000000000001
010000000000000001
010000000000000001
010000000000000001
000000000000000000
000000000001000000
000000000001000000
000000000001000000
000000000001000000
000000000001100000
000000000000100000
000100000000101000
000100000000001000
000100000100001000
000100000100001000
000100000100001000
000100000100001000
000100000100001000
000100000100001000
000100000100001000
000100000000001000
000100000000001000
000100000000001000
000100000000001100
000000000000001100
000000000000001100
000000000000001100
000000000000001100
000000000000001100
000000000000001100
000000000000001100
000000000000001100
000000000000001100
000000000000001100
000000000000001100
000000000000001100
000000000000001100
000000000100001100
000000000100001100
000000000100001100
000000000100001100
000000000100001100
000000000100001000
000000000100001000
000000000100001000
000000000100001001
000000000100001001
000000000100001001
000000000000001001
000000000000001000
000000000000000000
000000000000000000
000100000000000000
000100000000000000
000100000000000000
000100000000000000
000100000000000000
000100000000000000
000100000000000000
000100000000000000
000100000000000000
000100000000000000
000100000000000000
000100000000000000
000100000000000000
000100000000000000
000100000000000000
000000000000000000
000000000000000001
000000000000000001
000000000000000001
000000000001000001
000000000001000001
000000000001000001
000000000001000001
000000000001000001
000100000001000000
000100000001100000
000100000000100000
000100000000100000
000100000000100000
000100000000100000
000100000000000000
000100000000000000
000100000000000000
000100000000000000
000100000000000000
000100000000000000
000100000000000000
000100000000000000
000100000000001000
000100000000001000
000100000000001000
000100000000001000
000100000000001000
000100000000001000
000100000000001000
000100000000001000
000100000000001000
000100000000001000
000100000000001100
000100000000001100
000100000000001100
000100000000001100
000100000000001100
000100000000001100
000100000000001100
000100000000001100
000000000000100001
000000000000100001
000000000000100001
000000000100100001
000000000100100001
000000000100100001
000000000100100001
000000000100100001
000000000100100001
000000000100100001
000000000100100001
000000000100100001
000000000100100001
000000000100100001
000000000100100001
000000000100100001
000000000100100001
000000000100100001
000000000100100001
000000000100100001
000000000100000001
000000000100000001
000000000100000001
000000000100000001
000000000100000001
000000000100000001
000000000100000001
000000000100000001
000000000001000001
010000000001000001
010000000001000001
010000000001000001
010000000000000001
010000000000000001
000000000000000001
000000000000000001
000000000000000001
000000000000000001
000000000000000001
010000000000000001
010000000000000001
010000000000000001
010000000000000001
000000000000000001
000000000000000001
000000000000000001
000000000000000001
000000000000000001
000000000000000001
000000000000000001
000000000000000001
000000000000000000
000000000000000000
000000000001000000
000000000001000000
000000000001000000
000000000001000000
000000000001000000
000000000001000000
000000000001000000
000000000001001000
000000000000001000
010000000100001000
010000000100001000
010000000000001000
010000000000000000
010000000000000000
010000000000000000
010000000000000000
010000000000000000
010000000001000000
010000000001000000
010000000001000000
010000000001000000
010000000101000001
010000000101001001
000000000101001101
000000000101001101
000000000100001101
000000000100001101
000000000100001000
000000000100001000
000000000100001000
000000000100001000
000000000100000001
000000000100000001
000000000100000001
000000000100000001
010000000100000001
010000000100000001
010000000100000001
010000000100000001
010000000100000001
010000000100000001
010000000100000001
010000000100000001
010000000100000001
010000000100000001
010000000100000001
010000000100000001
010000000100000001
010000000100001101
010000000000001101
010000000000001101
000000000000001101
000000000000001101
000000000000001100
000000000000001100
000000000000000000
000000000000000000
000000000000000000
000000000000000000
000000000000000000
000000000001001000
000000000001001000
000000000001001000
000000000001001000
000000000001001000
000000000001001001
000000000101001001
000000000100000001
000000000100000001
000000000100000001
000000000100000001
000000000100000001
000000000100000001
000000000100000001
000000000100000001
000000000100000001
000000000100000001
000000000100000001
000000000100000001
000000000100000001
000000000100000001
000000000101000001
000000000101000001
000000000101000001
000000000101000001
000000000100000001
000000000100000001
000000000100000001
000000000100000001
000000000100000001
000000000100000001
000000000010000001
000000000010000001
000000000011001001
000000000011001001
000100000011001000
000100000010001000
000100000010001000
100100000000000000
110100000000100000
110100000000100000
110100000000100000
110100000000100000
110100000000100000
110100000000000000
110100000000000000
100100000000000000
100100000000001000
000100000000001000
000100000000001000
000100000000001000
000100000000000000
110100000000000000
110100000000000000
110000000000000000
110000000000000000
100000000000000000
100000000000000000
100000000000000000
100000000000001000
100000000000001000
100000000000001000
100000000000001000
110000000000001000
110000000100100001
110000000100100001
110000000100100001
110000000000101001
110000000000001000
110000000000001000
110000000000001000
110000000000001000
110000000000001000
110000000000001000
110000000000000000
110000000000000000
110100000000000000
110100000000000000
100100000000000000
100100000000000000
100100000000000000
100100000000000000
100100000000000000
100100000000000000
100100000000001000
100100000000001100
100100000000001100
100100000000001100
100100000000001100
100100000000001100
110100000000001100
110100000000101100
110100000000101100
110100000000101100
110100000000101100
110100000000001100
110100000000000100
110100000000000100
110100000000000100
110100000010000100
110100000010000100
110100000010000100
110000000010000100
110000000010000100
110000000010000100
110000000000000100
110000000000000100
100000000000000100
100000000000000100
100000000000000100
110100000000000000
010100000000100000
010100000100100000
010100000100100000
010100000100100000
010000000100100001
010000000100100001
010000001100100001
000000001100100001
000000011100100001
000000011100100001
000010111100100001
000010111100100000
000110111100000000
000110111100000000
000110111100001000
000110111100001000
000111111100001100
000111111100101100
000111111100101100
000011111100101100
000111111100101100
000111111000101100
000111111000101100
000111111000001100
000101100000001100
000100000001000000
000100000011000000
000100000011000000
000100000011000000
000100000011000000
000100000011000000
000100000010000001
000100000010000001
000100000010000001
000100000010000001
000100000000000001
100100000000000001
100100000000000001
100100000000000001
100000000001000001
100000000001000101
100000000001000101
000000000001000101
000000000001000101
000000000000000001
000000000000000000
000000000100000000
000000001100000000
000100011100001000
000100011100001000
000100011100001100
000100010000001100
000100000000001100
000100000000001100
000000000010001100
000000000010001100
000000000011000100
000000000011000100
000100000011000100
100100000011000100
110100000000000100
110100000000000100
110100000000000100
110100000000000100
110100000000000000
110100000000000000
100100000000000000
000100000000000000
000100000000001000
000110000100001000
000110000100001000
000110010100001000
000010010100101000
000010011100101000
000010011100101001
000010011100101001
000010011100101001
000010011100101001
000000011100101001
000000011100001001
000000000000001001
000000100010001001
000000100010001001
000000100010001001
000000100010001001
000000000010001001
000100000010001001
000100000010001001
000100000010001100
000100000000001100
000100000000001100
000100000000001100
100100000000001100
100100000000000100
100100000000000000
100100000000000000
100100000010000000
000100000010000000
000100000010000000
000100000010000000
000100000010000000
000100000001000000
000100000001000000
000100000001000100
000100000001000100
000100000000000100
000100000000000100
000100000000000000
000000000100000001
000000000100000001
000000000100000001
000000000100000001
000000000100000001
000000000100000001
000000000100000001
000000000000000000
000000000000000100
000000000000000100
000000000000000100
000100000000100100
000100000000100000
000100000000000000
000100000000000000
000100000000000000
000100000000000000
000100000000000000
000100000000000000
000100000000000000
000100000000000000
000100000000000000
000100000000000000
000100000000000000
000100000000000000
000100000000000000
000100000000000000
000100000000000000
000100000000000000
000100000000000000
000100000000000000
000100000000000000
000100000000000000
000100000000000000
000100000000000000
000100000000000000
000100000000000000
000100000000000000
000100000000000000
000100000000000000
000100000000000000
000000000000000000
000000000000000001
000000000000000001
000000000000000001
000000000000000001
000000000000000001
000000000000000001
010000000000000001
010000000100000001
010000001100000001
010000001100000001
010000001100000001
010000001100000001
010000001100000001
010000001100000001
010000000100000001
010000000100000001
010000000100000001
010000000110000001
010000000110001001
000000000111001001
000000000011001001
000100000011001001
000100000011000001
000100000011000001
000100000010000001
000100000000000001
000100000000100001
000100000000100001
000100000000100001
000100000000100000
000100000010000000
000100000010000000
000100000010000000
000100000011000000
000100000011000000
000100000001000000
000100000001000000
000100000001000000
000100000001000000
000100000001000000
000100000001000000
000100000001000000
000100000001000000
000100000001000000
000100000001000000
000100000001000000
000000000000000001
000000000000000001
000000000000100001
000000000000100001
000000000000100001
000000000000000000
000000000000000000
000000000000000000
000000000000100000
000000000000100000
000000000000100000
000000000000100001
000000000000100001
000000000000100001
000000000000100001
000000000000100001
000000000000100001
000000000000000001
010000000000000001
010000000000000001
010000000000000001
110000000000000001
110000000000000101
110000000001000101
110000000001000101
100000000001000100
100000000001000000
100100000011000000
100100000011000000
100100000011000000
100100000011000000
100100000011000000
100100000010001000
100100000010001000
100100000010001000
100100010010001000
100100010010001000
100100010010001000
100100010010001000
110100010010001000
110100000011000000
110100000011000000
110100000011000000
110100000011000000
110100000011000000
110100000011000000
110100000011000000
110100000011000000
110100000011000000
110100000011000000
000100000011000000
000100000011000000
000100000011000000
000100000011000000
000100000001000000
000100000001000000
000010000001000001
000010000101000001
000010000101000001
000010000101000001
000010000101000001
000010000000001101
000000000000001101
000000000000001101
010000000000001101
010000000000000001
010000000000000001
010000000000000000
010100000010000000
010100000010000000
010100000010000000
010100000010000000
010100000010000000
010000000010000001
000000000010000001
000000000000000001
000000000000000001
000000000000001001
000000000000001001
000000000000001001
000000000000000001
000000000000000001
000000000010001001
000000000010001001
000000000010001001
000000000010001001
000000000011000001
000000000010000001
000000000000000000
000000000000000000
000000000000100000
000000000000100000
000000000100100000
000000000100100000
000000000100100000
000100000100000000
100100000100000000
100100000100000000
100100000111000000
100100000011000000
100100000011000000
100100000011000000
000100000011000000
000100000011000000
000100000011000000
000100000011000000
000100000011000000
000100000011000000
000000000011000000
000000000011000001
000000000011000001
000000000011000001
000000000011000001
000000000011000001
000000000011000000
000000000011000000
000000000011000000
000100000011000000
000100000011000000
000100000011000000
000100000001000000
000100000001000000
000100000001000000
000100000001000000
000100000001000000
000100000001000000
000100000001000000
000100000001000000
000100000011000000
000100000011000000
000100000011000000
000000000011000000
000000000011000001
000000000000000001
000000000000000001
000000000100000001
000000000100000001
000000000100000001
000000000100000001
000000000100000001
000000000100000001
010000000100000001
010000000100000001
010000000100000001
010000000100000001
010000000100000001
010000000100000001
010000000100000001
000000000000000001
000000000001000001
000000000001000001
000000000001000001
000000100011001001
000000100011001001
000000100011001001
000100100011000001
000100000011000000
000100000010000000
000100000010000000
000100000010000000
100100000010000000
100100000010001000
100100000010001000
100100000010001000
100100000000001000
100100000000001000
100100000000001000
110100000001000000
110100000001000000
110100000001000000
110100000011000000
110100000011000000
010100000011001000
010100000011001100
010100000010001100
010100000000001100
010100000000001100
110100000000001100
110100000000001100
110100000000001100
110100000000001100
110100000000001100
110100000000001100
110100000000001100
110100000000001100
110100000000001100
110100000000001100
110100000010001100
110100000010001000
110100000010001000
110100000011001000
110100000011001000
110100000011001000
110100000011001000
100000000011001000
100000000011001001
100000000011001001
100000000011001001
100000000011000001
100000000011000000
100100000011000000
100100000011000000
110100000011000000
110100000011001100
110100010010001100
110100010010001100
110100011010001100
110110011100001100
110110011100001100
110110011100001100
100010011100001101
100010011100001101
000010111100001101
000010111100001101
000011111100001101
000011111100001101
000011011100001100
100111011100001100
110111011000001100
110111011000001100
110111011000001100
110101011000001100
110100001000001101
110100001000101001
110100001000101001
100100001000101001
100100101000101001
100100101000101001
100000101000101001
100000001000001101
100000000000001101
100000000000001101
100000000010000101
010000000010000001
010000000000000001
010000000010000001
010000000011100001
010000000011100001
010000000001100001
110000000001100001
110000000001100001
110000000000100001
110000000000001001
110000100000001001
110000100000001001
110000100000001001
110000100000001001
110000100000101001
110000000000100001
110000000000100001
110000000000100001
110000000000000001
110000000000000001
010000000000000001
000000000000000000
000000000000000000
000000001000010000
000000011100011000
000100011100011000
000100011100011000
000100011100011000
000100011100010000
000100001100000000
000100001100000000
000000001100000001
000000001100000001
000000001100000001
000000001100000001
000100001100000000
000100001100000000
000100001100000000
000100001100000000
000100001100000000
000100001100000000
000100001100000000
000100001100000000
000100000000000000
000100000000000000
000100000000000000
000100000000000000
000100000000000000
000100000000000000
000000000000000000
000000000000000000
000000000000000100
000000000000000100
000000000000000100
000100000000000100
000100001100000000
000100001100000000
000100001100000000
000100001100000000
000110101100000000
000110101100000000
000010111100000000
000010111100000000
000010111100000001
000010111100100001
000010111100100001
000010111100100001
000010111100100000
000010111100100000
000010111100100000
000010111100100000
000010111100100000
000010111100100000
000010111100100000
000010111100100000
000010111100100000
000010111100100000
000100010000000100
000100000000000100
000100000001000100
000100000001000100
000100000001000000
000100000001000000
000100000101000000
000111001101000000
000111101100000000
000111101100010000
000111101100010000
000111101100010000
000111101100110000
000011101100110000
000011101100110001
000011101100110001
000011101100110001
000011101100110001
000011101100110000
000011101100100000
000011101100100000
000011101100100000
000011111110001100
000011111110001100
000011111110001100
000011111110001100
000111000010001100
000111000010001100
000011000010001100
000011000010001100
000011000010001100
000011000010001100
000011110010001101
000011111010001101
000011111110001101
000011111110001101
000010111110001101
000010111110001101
000010110110001101
000000000110001101
000100000111001100
000100000111000100
000100000111000100
000100000111000100
000100000111000100
000100000111000100
000100000111000000
000100000111000000
000100100111000000
000110100110000000
000110111110001000
000110111110001000
000110111110001000
000110111110001000
000110111010001000
000100101010000000
000100100010000000
000100100010000000
000100100010000000
000110110010001000
000110111010001000
000110111100001000
000110111100001000
000110111100001000
000010111100001000
000010111100001001
000010111100001001
000010111100001001
000011111100001001
000011111100101001
000011111100101000
000011111100101000
000011111100101000
000011111100101000
000111111100101000
000111111100101000
000111111100101000
000111111100001000
000111111100001000
000111111100001100
000111111100001100
000111111100001100
000011111100001101
000011111100001101
000011111100001101
000011111100001101
000001111100001001
000001111100000001
000001001100000000
000001001100000010
001001001100000010
001001001100000010
001001001100000010
001001001100000010
001001001110000010
001001001110000001
001001001110000001
000001011110000001
000001011010001101
000001011010001101
000000010011001101
000000000011001101
000100000011001001
000100000011001000
000100000000001000
000100000000001000
000100000000001000
000100000000001000
000100001000001000
000100001000001000
000100001100001000
000100001100001000
000100001100001000
000100001100001000
000000000100000001
000000000000000001
000000000001000001
000000000011000001
000000000011000001
000000000011000000
000000000011000000
000100000000000000
000100000000000000
000100000000000000
000100000000000000
000100000000000000
000110001100001100
000111011100101100
000110011100101100
000110011100101100
000010011100101100
000010011110101101
000010011110101001
000011111110101001
000011111110101001
000011111110101001
000011111100101001
000011111100101100
100110011100101100
100110011100101100
100110011100101100
100110011100101000
100110011100101000
100110011100101000
000110011100101000
000110011100101000
000110011100101000
000110011100101000
000110011100101000
000110011100101000
000010011100101100
000010011100101100
000010011100101100
000000011100101101
000000011100101101
000000011101100101
000000011101100001
000000011101100001
000000011100000001
000000011100000001
000000011100000001
000000011100000001
000000001100000001
000000001100000001
001000101100000001
001000100101000010
001000100101000010
001000100101000010
001000100101000010
001100100101000010
001100100100001010
001100100100001010
001100100100001011
001100100100001011
001100000100001011
001100000100000011
001000000101000011
000000000101000011
000000000101000011
000000000001000000
000000000001000000
000000000001000000
000100000001000000
000100000000000000
000100000000000000
000100000010001000
000100000010001000
000100000010001000
000100000011001000
000100000011001000
000100000011001000
000100000011001000
000100000011000000
000100000011000000
000100000011000000
000100000011000000
000000000000001000
000000000000001000
