299
110101000000001100
110101000000001100
110101000000001100
110101000000001100
110101000000001100
110101000000001100
110101000000001100
110101000000001100
110101000000001100
110101000000001100
110101000000001100
110101000000001100
110101000000001100
110101000000000100
110101000000000100
110101000000001100
110101000000001100
110101000000001100
110101000000000101
110101000000000101
110100000000000101
000100000000000001
000100100000000001
000100100000000001
000100100000000001
000100100000000001
000100000000000001
000101000000001001
000101000000001101
000101000000001101
000101000000001101
000101000000001101
000101000000001101
000101000000000001
000101000000000001
000101000000000001
000101000000000001
000101000000000001
000101000000000001
000101000000000001
000101000000000101
000101000000001101
000101000000001101
000101000000001101
000101000000001101
000101000000001001
000101100000000000
000101100000000000
000101100000000000
000101100000000000
000101000000000000
000101000000000001
000101000000000001
000101000000000001
000101000001000000
000101000001000000
000101000000000000
000101000000000000
000101000000000000
000101000001000000
000101000001001001
000101100001001001
000101100001001001
000101100001001001
000111100001001001
000111100001001001
000111100001001001
000101100001001001
000101100001001001
000101100001001001
000101100001001001
000101100000001001
000101100000001001
000101000000001001
000101000000000001
000101000000000001
000101000000000000
000101000001000000
000101000001000000
000101000001000000
000101000001000000
000101000001000000
000101000001000000
000101000000000000
000101000000000000
000101000000000000
000101100001000000
000101100001000000
000101100001000000
000101100001100000
000101100001100000
000101100001100000
000101100000100000
000101100000101001
000101100000101001
000101100000101001
000101100000101101
000101100000101101
000101100000101101
000101100000101101
000101100000101101
000101100000101001
000101100000101001
000101100000101001
000101100000101001
000101100000101001
000101100000100001
000001100000100001
000001000000100001
000001000000100001
000001000000100001
000001000000000001
000101000000000001
000101000000000001
000101000000000001
000101000001000001
000101000001000001
000101000001000001
000101000001000001
000101000001000001
000101000000000001
000101000000000001
000101000000000001
000101000000000001
000101000000000001
000101000000000001
000101000000000001
000101000000000001
000101000000000001
000101000001000001
000101000001000001
000101000001000001
000101000001000001
000101000001000001
000101000001000001
000101000001000001
000101000001000001
000101000001000001
000101000001000001
000101000001000001
000101000001000001
000101000001000001
000101000001000001
000101000001000001
000101000001000001
000101000001000001
000101000001000001
000101000001000001
000101000001000001
000101000001000001
000101000001000001
000101000001000001
000101000001000001
000101000001000001
000101000001000001
000101000000000001
000101000000000001
000101000000000001
000101000000000001
000101000000000001
000101000000000001
000101000000000001
000101000000000001
000101000000000001
000101000000000001
000101000000000001
000101000000000001
000101000000000001
000101000000000001
000101000000000001
000101000000000000
000001000000000001
000001000000000001
000001000000000001
000001000000000001
000001000000000001
000001000000000101
000001000000000101
000100000000000101
000100000000000100
000100000000000100
000100000000000000
000100000000000000
000100000000000000
000100000000000000
100100000000000000
110100000000000000
110100000000000000
110100000000000000
110100000000000100
110100000000000100
110100000000000000
110100000001000000
110100000000000000
110100000000000000
110100000000000000
110100000000000000
010100000000000000
010100000000000100
010100000000000100
010100000000000100
010100000000000100
010100000000000100
010100000000000100
010100000000000100
010100000000000100
010100000000000100
010100000000000000
010100000000000000
010100000000000000
010100000000000000
010100000000000000
000100000000000000
000100000000000000
000100000000000000
010100000000000000
010100000000000000
010100000000000000
110100000000000000
110100000000000000
110100000000000000
110100000000000000
110100000000000000
110100000000000000
110100000000000000
110100000000000000
110100000000000000
110100000000000000
110100000000000000
110100000000000000
110100000000000000
110100000000000000
110100000000000000
110100000000000000
110100000000000000
110100000000000000
110100000000000000
110100000000000000
110100000000000000
110100000000000000
110100000000000000
110100000000000000
110100000000000000
110100000100000000
110100000100000000
110100000100000000
110100000100000000
110100000100000000
110100000100000000
110100000100000000
110100000100000000
110100000100000000
110100000100000100
110100000100000100
110100000100000100
110100000100000100
110100000100000100
110100000100000100
110100000100000100
110100000100000100
110100000100000100
110100000100000100
110100000100001100
110100000100001100
110100000100001100
110100000100001100
110100000100001100
110100000100001100
110101000100001100
110101000100001100
110101000100001100
110101000100001100
110101000100001100
110101000100001100
110101000100001100
110101000100001100
110101000100001100
110101000100001100
110101000100001100
110101000100001100
110101000100001100
110101000100001100
110101000100001100
110101000101001100
110101000101001100
110101000101001100
110101010101001100
110101010101001100
110101010100001100
110101010000001100
110101010000001100
110101010000001100
110101010000001100
110101010000001100
110101010000001100
110101010000001100
110100010000001100
110111010000001110
110101010000001100
