748
000011000100000001
000011000100000001
000011000100000001
000011000100000001
000011000100000001
000010000100000001
000010000100000011
000010000100000011
000010000100000001
000010000000000001
000011000000000001
000011000000000001
000011000000000001
000011000000000001
000001000000000001
000001000000000011
000011000000000011
000011000000000011
000011000000000011
000011000000000011
000011000000000011
000011000000000011
000011000000000011
000011000000000011
001000000000000001
001000000000001001
011000000000001000
011000000000001000
010000000000001000
000000000001001000
000000000001001000
000100000001001000
000100000001001000
001100000001001000
001100000001000000
001000000001000000
001000000000000000
001010000100000000
001010000100000000
001010000100000000
001010000100000000
001010000100000000
001010000000001000
001010000000001000
001010000000001000
001010000000001000
000010000000001000
000010000000001000
010010000000000000
011010000000000000
011010010100000000
011010010100000000
010010010100001000
011010010100001000
011010010101001000
010000000001001100
010000000001001100
010000000001001100
010000000001001100
011000000001001100
011000000001001100
111000000001000000
111000000001000000
111000000001000000
111000000001000000
111000000001000100
111000000001000100
101000000001000100
101000000001000100
101000000001000100
101000000000000000
001000000000000000
001000000000000000
000000000000000000
001000000000000000
000000000000000000
000000000000000000
001000000000000000
001000000000000000
001000000000000000
001000000000000000
001000000000000000
001000000000000000
001000000000000000
001000000000000000
001000000000000000
001000000000000000
001000000000000000
001000000000000000
001000000000000000
001000000000000000
001000000000000000
001000000000000000
001000000000000000
001000000000000000
001000000000000000
000010010010001001
001010010010101001
011010010010101001
011010010010101001
011010010111101000
010010010111101000
010010000111100000
010010000111000000
010010000111000000
010010000111000000
110010000111000000
110010000111001000
110010000011001000
110010000011001000
110010000010001000
011000000010001100
011000000010001100
011000000010001100
011000000010001100
010010000010001000
010010000010001000
010010000010001000
010010010010001000
010010010010001000
010010010011001000
010010010011001000
010010010011001000
010010010011001000
000010010011001000
000010010011001100
000010010000001100
000010010000001100
000010010000001100
000010010000001100
000010010000001100
000000000000000000
000000000000000000
110000000001001110
110000000001001110
110000000001001110
110000000001001110
000000000000000000
000000000000000000
000000000000000000
001000000001000000
001000000001000001
001000000001000001
001000000001000001
001000000001000001
001000000001000001
001000000001000001
001000000001000001
001000000011000101
011000000011000101
011000000011000101
010000000011000101
010000000011000101
010000000011001101
010000010011001101
010000011010001100
010000011010001100
010000011010001100
010000011010001100
010000011010001100
010000011010001100
010000011010001100
010000011010001100
010000011010001100
010000010010001000
010000000000001000
110000000000001001
110000000000000001
110010000000000001
110010000000000011
111010000000000011
111010000000001011
111010000000001011
111000000000001001
111000000000001001
111000000000001000
111000000000001000
111000000010000000
111000000010000000
111000000010000000
111000000010000000
111000000000000000
110000000000000000
110100000000000000
111100000000000000
111100000000000000
111100000000000000
110100000000000000
110100000000000000
110100000000000000
000000000000000000
000000000000000000
000000000000000000
010000000000000000
010010000000000100
010010000100000100
010010000100000100
010010000100001100
010010000100001100
010010000100001100
000010000100001101
000010000000001101
000011000000001101
000001000000001101
000001000000001101
000001000000001100
000001000000001100
000000000000001000
000000000000001000
000000000000001000
000000000000001000
000000000000001000
000000000000001000
000000000000001000
000010000000001000
000010000000001000
000010000000001000
000010000000001000
000010000010001000
000010000010001000
000010000010001000
000010010110001000
000010010110001000
000011010110001000
000011000110001000
000011000110001000
000011000110100000
000011000100100000
000011000100100000
000011000100100000
000011000000100000
000011000000100000
000011000000100000
000011000000101000
000011000000101000
000011000000101000
000011000000101000
000011000000101000
000011000000101000
000011000000001000
000010000000001000
000010000000001000
000010000000001000
000010000000001000
000000000000001000
111000000101000000
111000000101000000
111000000101000000
111000000101000000
101000000101000000
101000000101000000
101000000101000000
101000000101000000
101000010101001100
111000011111001100
111000011111001100
111000010111001100
111000010111001100
111000010111000000
101000000011000000
101000000010000000
101000000010000000
101000000010000000
101000000010000000
101100000011000000
101100000011000000
101100000011000100
101100000011000100
101100000011000100
101000000011000100
101000010011000000
101000010011000000
101001010011000001
101001010011000001
101001010011101001
101001010011101001
101001010011001001
101001010011001001
111001010011001001
111000010001000001
111000010001000001
111000010001000001
111000010011000001
011000010011000001
001010010011000001
001010010011000001
001010010011000001
001011010011000001
001011110011000001
001001110011001001
001001110011001001
001001110011011001
001011110011011001
001011110011111001
001011110011111001
001011110011111001
001010110011101000
001010110011101000
001010110010101100
001010110010101100
001011110010101100
001011110010101000
001011110010101000
001011110011101001
001011110011101001
001011110011101001
001011110011101001
001011110011101000
001010000010101000
001010000010101000
001010000010101000
001000000010101000
001000000010001000
001000000001010000
001000000001010000
001100000001010000
001100000001010000
001100000001010000
001100000001000000
001100000001000000
001100000001000001
001100000001000001
001000000001000001
001000000001000001
001000000001000001
000000000011000000
000000000011010000
000000000011010000
000000000010010000
000000000010010100
000100000010010100
000000000010000100
000000000010000100
000000000010000100
000000000010000100
000010000010100001
000010000010100001
000010000010100001
000010000010100001
000010000010100001
000010000010100001
000010000010100001
000010000010100001
000010000010100001
000010000010100001
000010000010100001
000010000010100001
000010000010100001
000010000010100001
000010000010100001
000010000010100001
000010000010100001
000010000010100001
000010000010110001
000010000010110001
000010000010110001
000010000010110001
000010000010110001
000010000010110001
000010000010100001
000010000010100001
000010000010100001
001000000001000000
001000000001000000
001000000001000000
001000000001000000
001000000001000000
001000000001000000
001000000001000000
001000000001000000
001000000000100000
001000000000100000
001000000000100000
101000000001100000
101000000011100000
101000100011100000
101000000011100000
101000000011100000
001000100011100001
001000100011100101
001000100011100101
001000100011100101
001000100011100101
001000100011100001
101000100011100001
101000000011100001
101000000001100001
101000000001100001
101000000001100001
101000000001100001
101000000000100001
001000000000100000
001000000000100000
001000000000100000
001000000000100000
001000000000100000
001000000000100000
001000000000100000
011000000000000000
011000000000000000
011000000000000000
011000000000000000
001000100000000000
011000100000000000
011000000100000000
011000000100000000
001000000100000001
001000000100000001
001000000100001001
001000000100001001
001000000100101001
001000000100101001
001000000100101001
001000000100101001
001000000100101001
001000000100101001
001000000100101001
001000000100101001
001000000100100000
001000000100100000
001000000100100000
001000000100100000
001000000100100000
001000000100100000
001000000100100001
001011000100100001
001011000100100001
001011000100100001
001010000100100001
001000000100100001
001000000100100001
001000000100100001
011000000100100000
011000000100100000
011000000100100000
011000000100100000
011000000100100000
001000000100100000
001000000100100000
001001000100100000
001001000100101000
001001000100101100
001001000000101100
001001000000101100
001001000000101100
001001000000101100
001000010010101100
001000010010101100
001000010010101100
001000010010101100
001000010010101100
001000010010101100
001000010010101000
000000010010101010
000000010010100110
000000010010100110
001000010010100110
001000010010100010
001000010010100010
001000010010100010
001000010010100010
001000010010100010
001000010010100010
000000010010100001
000000000010110001
000000000010110001
001000000010110001
001000000011110001
001000000011110001
001000000011100000
001000000011100000
001000010011100000
001000010011100000
001000010011000000
001000010010000100
000000000010000100
000000001010000100
000000001010001100
000000000010001100
000000000010001100
000000000010001100
000000000010001100
000000000110001100
000000000110001100
000000000110001100
000000000110001100
000000000110001100
000000000110001100
000000000010001100
000000000010001100
000000000110001100
100000000110001100
100000000110001100
100000010110001100
100001010110001100
100001010110001100
100001010010001100
100001010010001100
100000000010001100
100000000010001100
110000000010001110
110000000010001110
110000000000001110
110000000000001010
110100000000000010
110100000000000010
110100000000000010
110100000000000010
110100000000000010
110100000001000000
110100000001000001
110100000001000001
010100000011000001
010000100011000001
000000100011100001
000000100011100001
000000100011100001
000000100011100001
000000100011100001
000000100111100001
000000100111110001
000000100111110001
000000100111110001
000000100111110001
000000100111110001
000100100111110001
001100100111110001
001111100111010001
001111100111110001
001111100111010001
000111100111010001
000111100111010001
000111000111010001
000111000111000001
001101000011000000
001100000011000000
001100000011000000
001100000011100000
001100000011100000
001100000011100000
001100000011100000
001100000011101000
001100000011000000
001100000011000000
001100000011000000
001100000011000000
001100000011000000
001100000011000001
001100000010000001
001100000010000001
000100000010000001
000100000010000001
000100000010000000
000100000010000000
000100000010000000
000100000010000000
000100000010000000
000100000010000000
000100000010000000
000100000010000000
000100000010000000
000100000010000000
000100000010000000
000100000010000000
000100000010000000
000000000010000000
000000000000000001
000000000000000001
000000000000000001
000000000100000001
000000000100000001
000000000100000001
000000000100000001
000000000100000001
000000000000000001
000000100000000001
000000100000000001
000000100010000001
000000100010000001
000000000010000001
000000000010000001
001000000010000001
001000000010000000
001000000010000000
001000000010000000
001000000010000000
001000000010000000
001000000010000000
001000000010000000
001000000010000000
001000000010000000
001000000010000000
001000000010000000
001000000010000000
001000000010000000
001000000010000000
001000000010000000
000000000010000000
000000000010000000
000011000000000001
000011000000000001
000011000000000001
000011000000000000
000011000000000000
001011000000000001
001011000000000001
001000001000000001
001000001000000001
001000001000000001
001000001000000001
001001001000000001
001001001000000001
001001001000000001
001001000000000001
001000000000000001
001000000000000001
001000000000000001
001000000000000001
001000000000000001
001000000000000001
001000000000000001
001000000000000001
001000000000000001
001000000000000001
001000000000000001
001000000000000001
001000000000000001
001000000010000001
001000000010000001
001000000010000000
001000000010000000
001000000000000000
001000000000000000
001000000000000000
001000001000000000
001000001000000000
001000001010000000
001000001010000000
001000001010000000
001000001000000000
001000001000000000
001000001000000001
001000001000000001
001000001000000001
001000001000000001
001000000000000001
001000000000000001
001000000000000001
000000000000000001
000000000000000001
000000000000000001
001000000000000001
001000000000000001
001000000000000001
001000000000000001
001000000000000001
001000000000000001
001000000000000001
001000000000000001
001000000000000001
001000000000000001
001000000000000001
001000000000000001
001000000000000001
001000000000000001
001000000000000001
001000000000000001
001000000000000001
001000000010000001
001000000010000001
001000000010000001
001000000010000001
001000000010000001
001000000010000001
001000000010000001
001000000010000001
001000000010000001
001000000010000001
001000000010000001
001000000010000001
001000000010000001
001000000010000001
001000000010000001
001000000010000001
001000000010000001
001000000010000001
001000000010000001
001000000010000001
001000000010000001
001000000010000001
001000000010000001
001000000010000001
001000000010000001
001000000010000001
001000000010000001
001000000010000001
000000000010000001
000000000010000001
000000000010000001
000000000010000001
000000000110000000
000100000100000000
000100000100000000
000100000100000000
000100000100000000
000100000000000000
000100000000000000
000100000000000000
000100000000000000
000100000010000001
000101000010000001
000101000010000001
000101000010000001
000101000010000101
000100000010000101
000100000010000101
000100000010000101
000100000010000000
000100000010000000
010100000010010000
010100000010010010
010100000010010010
010100000010010010
010100000010010010
010100000010010010
010100000010010010
010100000010010010
010100000010010010
010100000011010010
110100000001010010
110100000001010000
110100000001010000
110100000001010000
110100000001010000
110100000001010000
110100000001000000
110100000001000000
110100000001000000
110100000001000000
110100000001000000
110100000001000000
110100000001000000
110100000001000000
110100000001000000
110100000001000000
110100000011000010
110100000011000010
110100000001000010
