1767
000011000000110000
000000111101000000
000000111101101000
000000111111101000
001001111111101000
001001111111101000
001001111111101000
001001111111101000
001001111111101000
001101111111101000
001101111111101000
001101111111100000
001101111101100000
001100100001100000
001100100001100000
001100100001101000
001100100001101000
001100100101101000
001100111001101000
001100111001101000
001100111101101000
001100111101101000
001100111101101000
001100111101101000
001100111101101000
001100111101101000
001100111101101000
001100111101101000
001100111101101000
001100111101101000
001100111100101000
001100111000101000
001100101000101000
001100100000101000
001100100000101000
001100100000101000
001100100000101000
001100100000101000
000000100000101000
000000100000101000
000000100000101000
000010100000101000
000010100000101000
000010110000101000
000010110000101000
001000110000101000
001100110000101000
001100110000101000
001100110000101000
001100110000101000
001100110000101000
001100110000101000
001100110000101000
001100110000101000
001100100000101000
001000100000101000
001000100000101000
001100100000101000
001100100000101000
001100100000101000
001100100000101000
001100100000101000
001100100000101000
001110100000101000
001110100000101000
001110100000101000
001000100000101000
001000100000101000
001000100000101000
001000100000101000
001000100000101000
001000100000101000
001000100000101000
001000100000101000
001000100000101000
001000100000101000
001000100000101000
001000100000101000
001000100000101000
001000100000101000
001000100000101000
001000100000101000
001100100000101000
001100100000101000
001100100000101000
001100100000101000
001100100000101000
000100110000101000
000100110000101000
001100110000101000
001110111000101000
001110111000101000
001110111000101000
001010111000101000
001010111000101000
001010111000101000
001010110000101000
001010110000101000
000010110000101000
000010110000101000
000010110000101000
000010110000101000
000010110000101000
001010111000101000
001110111000101000
001010111000101000
001110111000101000
001110111101101000
001000111101101000
001100111101001000
001100111101001000
001100111111001000
001100111111001000
001100111011001000
001110111011000000
001110110011000000
001110000011000010
001110000011100010
001110000011100010
001110000011100010
000100000010000000
001000000010000000
001000000010000000
001001100010000001
001001100011000001
001111100011000001
001111100010000001
001111100110000001
001111100110000001
001111100110000000
001111100110000000
001101100010000000
001101100010000000
001101100010000000
001101100010000000
001101100010000000
001101100010000000
001101100010000000
001101100010000000
001101100010000000
001101100010000000
001101100010000000
001101100010000000
001101100010000000
001101100010000000
001101100010000000
001101100010000000
001101100010000000
001101100010000000
001101100110000000
001101100110000000
001101100110000000
001111100110000000
001111100110000000
001111100110000000
001111100110000000
001111100110000000
001111100110000000
001111100110000000
001111100111000000
001111100111000000
001111100111000000
001111100111000000
001111100111000000
001111100111001000
001111100111001000
001111100111001000
001111100111001000
001111100111100000
001111100111100000
001111100111100000
001111100111100000
001111110111100000
001111111111100000
001111111111100000
001111111111100000
001111111111000000
001111111111100000
001111100111100000
001111100111100000
001111100111000000
001101100111000000
001101100011000000
001101100111000000
001101100111000000
001101100111000000
001101100111000000
001111100111000000
001111101111100000
001111101111100000
001111101111110000
001111101111110000
001111101111100000
001111100111100000
001111100111000000
001111100111000000
001111110111000000
001111110110000000
001111110110000000
001111110110000000
001111110110000000
001111110111000000
001111100111000000
001111100111000000
001111100111000000
001111100111000000
001111100111000000
001111100111000000
001111100010001000
001111100010001000
001111100010001000
001111100010001000
001111100010001000
001101100010001000
001101100010001000
001101100010001000
001101100010001000
001101100010001000
001101100010001000
001101100010001000
001101100010001000
001101100010001000
001101100010001000
001111100110001000
001111100110001000
001111100110000000
001111100110000000
001111100111000000
001111100111000000
001111100011000000
001101100011000000
001101100011001000
001101100011001000
001101100011000000
001111100111000000
001111100111000000
001111100111000000
001111100111000000
001111100111000000
001111100111000000
001111111110001000
001111111110001000
001111111110001000
001111111110001000
001111111110000000
001111101111000000
001111100111000000
001111100111000000
001111100111001000
001111100111001000
001111100011001000
001111100011001000
001111100010001000
001111100010001000
001101100010001000
001101100010001000
001101100010001000
001101100010001000
001101100010001000
001101100010001000
001011100010001001
001011100110001001
001011100110101001
001011110110101001
001011110110101001
001011111110101001
001011111110101101
001011111110101101
001011111100101101
001011111100101101
001011111100101100
001011111100101100
001011111100101000
001011111101101000
001011111101101000
001011111101101000
001011111101101000
001011111101101000
001011111101101000
001011111101101000
001011111101101000
001011111101101000
001011111101101000
001011111101101000
001011111101101000
001011111101101000
001011101101100000
001011100101100000
001011100101100000
001011100101000000
001011100101000000
001011100101000000
001001100101001000
001001100000001000
001001100000001000
001001100000001000
001001100000001000
001101100000001101
001101100000001101
001101100000001101
001101100000001101
001101100000001101
001101100001001100
001001100001001000
001001100001001000
001011100001001000
001011100001001000
001011100001001000
001011100001001000
001011100101001000
001011100101001000
001011110101000000
001011110101000000
001011110101000000
001011110101000000
001011110101000000
001011100111000000
001011100111000000
001011100111000000
001011100111000000
001011110111001000
001011110101001000
001011110101001000
001011110101001000
001011111101001000
001011111101001000
001011111101001000
001011111101001000
001011111101001000
001011111111000000
001011111111000000
001011111111000000
001011111111000000
001011101111000000
001011101111000000
001011101111000000
001011101111000000
001011101111000000
101011101011000000
101001101011010000
101001100011010000
101000000011010000
001000000011010000
000000000011000000
000100000011000000
000100000011000000
000100000011000000
000100000011000000
000100000011000000
000100000011000000
000100000011000000
000100000011000000
000100000011000000
000100000011000000
000100000011000000
000100000011000000
000100000011000000
000100000011000000
000000000011000000
000000000011000000
000000000011000000
000000000011000000
000000000011000000
000000000011000000
000000000011100000
000000000011100000
000000000011100000
000000000011100000
000000000011100000
000000000011100000
000000000011100000
000000000011100000
000000000011100000
000000000011100000
000000000011100000
000000000011100000
001000000011100001
001000000011100001
001000100011100001
001000100011100001
001000100011100001
001000100011100001
001000000011100001
001000000011100001
001000000011100001
001000000011100001
001000000011101001
001000000011101001
001000000011101001
000000000011111001
000100101011111001
000100101011111001
000100101011111001
000100101011111001
000100101011111001
000000101011111001
000010101011101001
000010101011101001
000010011011101001
000010011011101001
000010011011101001
000010011011101001
000010011011100001
000010011111100001
000010011111100001
000010011111100001
000010011111100001
000010011111100001
000010011111100001
000010011111100001
000010011111100001
000010011111100001
000010011111100001
000010011111100001
000010011111100001
000010011111100001
000010011111100001
000010001011100101
000000001011100101
000000001011100101
010000000011000101
010000000011000100
010000010011000000
010000011011000000
010000011011000000
010000011011000000
000000011011000000
000000011011000000
001000011011001000
001000011010000000
001000011010000000
001000011011000010
001000011011001010
001000011011001010
001000011011001010
001000011011001010
001000011011001110
001000011011001110
001000011011001110
000000001011001110
000000001011001010
000000001011001010
000000001011001010
000000001011001010
000000001011001110
000000001011001100
000000000011001100
000000000111001100
000100000111001100
000100000111001100
000110000111001100
000110000111001100
000110000111001100
000110000111001100
000110000011000000
000110000011000000
000110000011100000
000110000011101000
000110001011101000
000010001011101001
000010001011100001
000010001011100001
000010001011101001
000010001000101001
000010001000101001
000011001000000001
000011001000000001
000011111000000001
000011111000000001
000011111010100001
000011111010100001
000011011010100001
000011011011100001
000011011111000001
000011011111000000
000011011111000000
000011011101000000
000011011111000000
000011011101000000
000011011101100001
000011011100100001
000011011100100001
000011011100100001
000011011100100001
000011011100000001
000011011101000001
000011011101000001
000011011101000001
000011011101000001
000011011101000001
001011011101000001
001011010101000001
001011010101000000
001011000001000000
001011000001000000
001011000001000000
001011000001000000
001011000001000000
001011000010001001
001001000010001101
001001000010001101
001001010010001101
001001010010001101
001001010010001101
001001010010001101
101001010010001101
101001010010001101
100001010110001101
100001010110001101
100001000110101101
100001000111100001
100011000111100001
100011000111100001
100011000111100001
101011000111101101
101011000111101101
101001010111001101
101001010111001101
101001010111000101
101001010111000101
101000011111110101
101000011111110101
101000011111111101
000000011111111101
000000010011111101
000000010011101101
000000010011101101
000100010011101101
000100010011101100
000100010011101100
000100010011101100
000000010011101100
000000000011101100
000000000011101000
000000000011101000
000000000011100000
000000010011100000
000000010011100000
000000010011100000
000000010011100001
000000010011100001
000000010011100001
000000010011100001
000000010011100001
001000010011100001
001000010011100001
001000010011100001
001000010011100001
001000010011101001
001000010011111001
001000010011111001
001010010011111001
001010010011111001
001010010011111001
001010010011110001
001010010011110001
001010010011110001
001010010011110001
001011010111110001
001011010111110001
001011010111100001
001011010111100001
001011010111100001
001001010111100001
001001010111100001
001001010111100001
001001010111100001
001001010111100001
001001010111100001
001001010111100001
001001010111101101
001001010111101101
001001010111101101
001001010111101101
001001010111000101
001001010111000101
001001010111000101
001001010111000101
001001010111000101
001001010111001101
001001010111001101
001001010111001101
001001010111001101
001001010111001101
001001010111001101
001001010111001101
001001010111101101
001001000111100101
001001000101100101
001001000101100101
001001000101100001
001001000101100001
001001000101100001
001001000101100001
001001000111100011
001001000111110011
001001000111100011
001001000111100011
001001000111100001
000001000010000000
000000000010000000
000000000010000000
000000000000000000
000000000000000000
000000000000000000
000000000000000000
000000000000000000
000000000000000000
000000000000000001
000000000000000001
000000000000000001
000000000010000001
000000000010000001
000000000010000001
000001000010000001
000001000010000001
000001000010000000
000001000010000000
000000000000000000
000001000000000000
000001000000000000
000000000000000000
000000000000000000
000000000000000000
000000000000000000
000000000000000000
000000000000000000
000000000000000000
000000000000000000
000000000000000000
000000000000000000
000000000000000000
000000000000000000
000000000000000000
000000000000000000
000000000000000000
000000000000000000
000000000010000000
000000000010000000
000000000010000000
000000000010000000
000000000010000000
000000000010000000
000000000010000000
000001000010000000
000001000010000000
000001000010000000
000001000010001000
000001000010001000
000001000010001000
000000000010001000
000000000010001000
000000000010000000
000000000010000000
000000000010000000
000000000010000000
000000000010000000
000000000010000000
000000000010000000
000000000010000000
000000000010000000
000000000010000000
000000000010000000
000000000010000000
000000000010000000
000000000010000000
000000000010000000
000000000010000000
000000000010000000
000000000010001000
000000000010001001
000000000010001001
000001000010001001
000001000010001001
000001000010001101
000001000010001101
000001000010001101
000001000010001101
000001000010001101
000001000010001101
000001000010001101
000001000010001101
000001000010001101
000001000010001101
000001000010001101
000001000010001101
000001000010001101
000001000010001101
000001000010001101
000001000010000101
000001000010000101
100001000011000101
110001000011000101
110000000011000101
110000000001000101
110000000001000101
110000000001000100
110000000000000000
110000000000000100
110000000000000100
110000000000000100
110000000010000100
110000000010000100
110000000010000100
110000000011000100
110000000011000100
110000000011000100
110000000011001100
110000011010001100
110000011110001100
110100011110001100
110100011110001100
110100011100001100
110100011100001100
110100011100001100
110110011100000000
110010011100000000
110010011100000000
110010011100000000
110010011100000000
110011011100000000
110011011100000000
110011011100000000
110011011100000000
110011011100000001
110000011100000001
110000001100000001
110000001100000001
110000001100000001
110000001100000001
110000001110001101
110000000110001101
110000000110001101
110000010110001101
110000011110001101
110000011110001101
110000011100000000
110000010100000000
110000010110000000
110000010110000000
110000010110000000
110000010010000000
110000010010000000
110000010010001100
110000010010001100
110000010010001100
110000000010001101
110000000010001101
110000000010001101
110000000010001101
100000000010001101
100000000010001101
100000000010001101
100000000010001101
100000000010001101
100000000010001101
100000000010001101
100000000010001101
100000000010001101
000000000010000001
000000000111000001
000000000101000001
000000000101000001
000000000101000001
000000000101000001
000000000101000001
000000000101000001
000000000101000001
000000000111000001
000000000111000001
000000000111000001
110000000111000000
110000000011000000
110000000011000000
110000000010000000
110000000010000000
110000000010000000
110000000010000001
110000000010000001
110000000010000001
110000000010000001
010000000010000001
000001000110000001
000001000110000001
000001000110001101
000001010110001101
000001010110001100
000001010110001100
000011010110001100
000011010110001100
000011010110001100
000001010100001100
000001010110001000
000001000110000000
000001000110000000
000001000110000000
000001000011000000
000001000011000000
000001000011000000
000001000011000000
000001000011000000
000001000011000000
000001000011000000
000001010011000000
000011010011001000
000011010011001000
000011010011001000
000010010011001000
000010000011000000
100000000011000000
100000000011000000
100100000011000000
100100000011000000
100100000011000000
100100000011000000
100100000001000000
100100000001000000
100100000001000000
100100000001001000
100100000001001000
100100000001001100
100100000001001100
100100000001001100
100100000001001100
100100000001000100
100100000001000100
100100000001000100
100100000001000100
100100000001000100
110100000001000100
110100000001000000
110100000001000000
110100000001001000
110100000001001000
110100000001001000
110100000001001000
110100000001001000
110100000001001000
110100000001001000
110100000001001000
100100000001000000
100100000001000000
100100000001000000
100100000001000000
100100000001000000
100100000001000000
100100000001000000
100100000001000000
100100000011000000
100000000011000000
100000000011000000
100000000011000000
101000000011000000
101000000011000000
101000000011000000
100000000011000000
100000000011000000
100000000011000000
101000000011000000
100000000011000000
100000000011000000
101000000011000000
101000000011000000
101000000011000000
101000000011000000
101000000011000000
101000000011000000
101000000011000000
101000000011000000
101000000011000000
101000000011000000
101000000011000000
101100000011000000
101100000010000000
101100000010000000
101100000010000000
101000000010000000
101000000011000001
101000000011000001
101000000011000001
101000000011000001
101000000011000001
101000000011000000
101000000011000000
101000000011000000
101000000011000000
101000000011000000
101000000011000000
101000000011000000
101000000011000000
101100000011000000
001100000011000000
001100000011000000
001100000011000000
001100000011000000
001100000011000000
001100000011000000
001100000011000000
101100000011000000
101100000011000000
100100000011000000
000100000011000000
000100000011000000
000100000011000000
000100000011000000
000100000011000000
000100000011000000
000100000011000000
100100000011000000
100100000011000000
100100000011000000
110100000001000100
110100000001000100
110100000001001100
110100000001001100
110100000001000100
110100000001000100
110100000001000100
110000000001001100
110000000001001100
110000000001001100
110000000001001100
110000000001001100
110100000001001100
110100000001001100
110100000001001100
110100000001001100
110100000001001100
110100000001001100
110100000001001100
110100000001001100
110100000001001100
110100000001001100
110100000001001100
110100000001001100
110100000001001100
110000000001001101
110000000001001101
110000000001001101
110000000000001101
110000000000001100
110000000000001100
110000000000001100
110000000000001100
110000000000001100
110000000000001100
110000000000001100
110000000000001100
110000000000001100
110001000000001100
110001000000001100
110001000000001100
110000000000001100
110100000000001100
110100000000001100
110100000000001100
110100000000001100
110100000000001100
110100000000001100
110100000000001100
110100000000001100
110100000000001100
110100000000001100
110101000000001100
110001000000001100
110001000000001100
110001000000001100
110001000000001100
110001000000001100
110000000000001100
110000000000001100
110100000000001100
110100000000001100
110100000000001100
110000000000001100
110000000000001100
110000000000001100
110000000000001100
110000000000001100
110000000000001100
110000000000001100
110100000001001100
110100000001001100
110100000001001100
110100000001001100
110100000001001100
110100000001001100
110100000001001100
110100000001001100
110100000001001100
110100000001000100
110100000001000100
110100000001000000
110100000111000000
110100000111000000
110100000111000000
110100000111000000
110100000010001100
110100000000001100
110100000000001100
110100000000001100
100100000000001100
000100000000001100
000100000000001100
000100000000001100
000100000000001100
000100000000001100
000110000000001100
000110000000001100
000110001100001100
000110001100001100
000110001100001100
000110001100001100
000110001100001100
000110001101001100
000110001101000100
000110001101000100
000110000101001100
000110000001001100
000100000001001100
000100000001001100
000100000101001100
000100000101001100
000100000101001100
000100000101001100
000100000101001100
000100000001001100
000100000001001100
000100000001001100
000100000001001100
000100000001001100
000100000001001100
000100000101001100
000100000101001100
000100000101001100
000100000001001100
000100000001001100
000100000001001100
000100000001001100
000100000001001100
000100000001001100
000100000001001100
000100000001001100
000100000001001100
000110000001001100
000110001101001100
000110001101001100
000110001101001100
000110001101001100
000110001101001100
000110001101001100
000110001101001100
000110001101001100
000110001101001100
000110001101000100
000110001101000000
000110001101000000
000110001101000000
000110001101000000
000110001101000000
000110001101000000
000110001101000000
000110001101000000
100101000001000000
100101000001000000
100101000001000000
100101000011010000
100101000011010000
100101000011010000
100101000001010000
100101000001000000
100101000001000000
100101000001000000
100101000001000000
100101000001000000
100101000001000000
100101000001001000
100001000001001001
100001000001001101
100001000001001101
100001000001001101
100001000001101101
100001000001001101
100001000001001101
100101000001000001
100101000001000001
100101000001000000
100101000001000000
100101000001000000
100101000001000000
100101000001000000
100101000001000000
100101000001000000
100101000001000000
100101000001000000
100101000001000000
100101000001000000
100101000001000000
101101000001010000
101101000001010000
101101000001010000
101101000001010000
101101000001010000
101101000001010000
101101000001010000
101101000001010000
101101000001010000
101101000001010000
101101000001000000
101101000001000000
100101000001000000
100101000001000000
100101000001001100
100101000001001100
100101000001001100
100101000001001100
100101000001001100
100101000001000100
110101000001000101
110101000001000101
110101000001000101
110101000001000101
110101000001000101
110101000001000101
110101000001000101
110101000001000101
110101000001000101
110101000001000101
110101000001000101
110101000001000101
110101000001000101
100101000001000101
100101000001000101
100101000001000101
100101000001000101
100101000001000101
100101000001000101
100101000001100101
100101000001100101
100101000001100101
100101000001100101
100101000001100101
100101000011100101
100101000011100101
100111000011100101
100111000011100101
100011000011100101
100011000011100101
100011000011100101
100011000011101101
100011000011101101
100011000001101101
100111000001100101
100111000000000101
110111000000000101
110111000001000101
110111000011000101
110111000011000000
100111000011000000
100111000011010000
100111000011010000
100111000011010000
100111000011010010
100111000011000000
100111000011000000
100111000011000000
100111000011000000
100111000011000000
100011000011000000
100011000011000000
100011000011000000
100011000011000000
100011000011000000
110011000011000000
110111000011000000
110111000011000000
110111000011000000
110111000011000000
110111000011000000
100111000011000000
100111000011000000
100111000011000000
100111000011000000
100111000011000000
100111000011000000
100111000011000000
100111000011000000
100111000011000000
100111000011000000
100111000011000000
100111000011000000
100111000011000000
100111000011000000
100111000011000000
100111000011000000
100111000011000000
100111000011000000
100111000011000000
100111000011000000
000111000011000000
000111000011000000
000111000011010000
000111000011010000
000111000011010000
000111001011010000
000111001011010000
000111001011010000
000111001011010000
000111001011010000
000111001011010000
000111001011010000
000111001011010000
000111001011010010
000111001011010010
000111001011010010
000111001011010010
000111001011010010
000111001011010010
000111001011010010
000111000011010010
000111000011010010
000111000011010010
000111000011000010
000100000010000000
000100000010000000
000100000010000000
000100000010000000
000100000010000000
000100000010000000
000100000010000000
000100000010000000
000100000010000000
000100000010000000
000100000010000000
000100000010000000
000100000010000000
000100000010000000
000100000110000000
000000000110000000
000000000110000000
000000000110000000
000000000110000000
000000000110000000
000000000110000000
000000000010000000
000000000010000000
000000000010000000
000000000010000000
000000000010000000
000000000010000000
000000000010000000
000000000010000000
000100000010000000
000100000110000000
000100000110000000
000100000110000000
000100000110000000
000000000110000000
000000000110000000
000000000110000000
000000000110000000
000000000110000000
000000000110000000
000000000110000000
000000000110000000
000000000010000000
000000000010000000
000000000010000000
000000000010000000
000000000010000000
000000000010000000
000000000110000000
000000000110000000
000000000110000000
000000000110000000
000000000110000000
000000000010000000
000000000010000000
000000000010000000
000000000010000000
000000000010000000
000000000010000000
000000000010000000
000000000110000000
000000000110000000
000000000110000000
000000000110000000
000000000110000000
000000000110000000
000000000110000000
000000000110000000
000000000110001000
000000000110001000
000000000110001000
100000000110001000
100000000110000000
100100000110000000
100100000110000000
100100000110000000
110100000110000000
110100000100000000
110100000100000000
110100000101000000
110100000101000000
110100000101000000
110100000101000000
110100000101000000
100100000101000000
100000000111000001
100000000111000001
100000000110000001
100000000110000001
100000000110000001
100000000110000000
000000000110001000
000000000110001000
000000000110001000
000000000100001000
100000000100001000
100000000100001000
100000000100001000
100000000110001000
100000000110000000
100000000100000000
100000000100000000
100000000100000000
100000000100000000
100000000000001000
100000000000000000
100000000000000000
100000000000000000
100000000000000000
100000000000000000
000000000000000000
000000000000000000
000000000000000000
100000000000000000
000000000100000000
000000000100000000
100000000100000000
100000000100000000
100000000100000000
100000000100000000
100000000100000000
100000000100000001
110000000100000001
110000000100000001
110000000101000001
110000000101000001
110000000101000001
110000000101000001
110000000100000000
110000000100000000
100000000100000000
100000000110000000
000000000110000000
001000000110000000
001000100110000000
001000100110000000
001000100110000000
001000100110000000
001000100110000001
001001100110000001
001001100110000001
001001100110000001
001000100110000001
001000100110000001
001000100110000001
001000100110000001
001000100110000001
001000100110000001
001000100110000001
001000000110000001
001000000110001001
001000000110001000
001000000010001000
001000000010001000
001000000010000000
001000000010000000
001000000010000000
001000000010000000
001000000010000000
001000000010000000
001000000010000000
001000000010000000
001000000010000000
001000000110000000
001000000110000000
001000000110000000
001000000110000000
001000000110000000
001000000010000000
001000000010000000
001000000010000000
001000000010000000
001000000010000000
001000000010000000
001000000010000000
110011011100001100
110011011100001100
110011011100001100
110011011100001100
110011011100000000
110011011100000000
110011011100000000
110011011100000000
110011011100000000
110011011100001100
110011011100001101
110011011100001101
110011011100001101
110011011100001001
110011011100001000
110010011100001000
110010011100101000
110010011101100000
110010001101100000
110010001101100000
110010001111100000
110010001111100000
110011001111100000
110011011111000001
110011011100001001
110011011100001101
110011011100001101
110011011100001101
110011011100001100
110011011100001100
110011011100001100
110011011100001100
110011011100001100
110011011100001100
110011011100001100
110011011100001101
110011011100001101
110011011100001101
110011011100001101
110011011100001001
100011011100001001
100011011100001001
100011011100001001
100011011100001001
100011011100001001
110011011100001001
110011011100001001
110011011100001001
010011011100001001
010010011100001001
010010011100001001
010010000100001001
010010000100101001
010010000000100001
110010000000100001
110010000000100001
110010000000000001
110000000000000001
110000000000000000
110000000000000000
110000000000000000
110000000000000000
110000000000000000
110000000000000000
110000000000000000
110000000000000000
110000000000000000
110000000000000000
010000000000000000
110000000000000100
110000000000000100
010000000000000100
010000000000000000
001000000000000000
001000000000000000
101010000000000000
101010000000000000
101010000000000000
101000000000000000
000000000000000000
000000000000000000
000000000000000000
000000000000000000
000000000000000000
000000000000000000
110000000000000000
110000000000000000
110000000000000000
110000000000000000
010000000000000000
000000000000000000
000000000000000000
000000000000000000
000000000000000000
000000000000000000
110000000000000000
110000000000000100
110000000000000100
110000000000000100
110001000000000100
110001000000000100
110001000000000100
110001000000000100
110001000000000100
110001000000001100
110001000000001100
110000000000001100
110000000000001100
110000000000001100
110010000000001100
110010000000001100
110010000000000000
110010000000000000
110010000000000000
110010000000000000
110010000000000000
110010000000000000
110010001000000000
110010001000000000
110010001000000000
110010001000000000
110010001000000000
110010000000000000
110010000000001100
110010000000001100
110010000000001100
110010000000001100
110000000000001100
110000000000001100
110000000000001100
110000000000001100
110000000000001100
110000000000001100
110000001000001100
110000001000001100
110000001000001100
110011001100001100
110011011100001100
110011011100001100
110011011100001000
110011011100001000
110011011100000000
110011011100000000
110011011100000000
110011011100000000
110011011100001000
110011011100001100
110011011100001100
110111011100001100
110111011100001100
110111011100001100
110111011100001100
110111011100001100
110111011100001100
110111011100001100
110111011000001100
110111011000001100
110001011000001100
110000001000001100
110000001000001100
110000001000000000
110000001000000000
110010011000000000
110010011000000000
110010011100000000
110010011100000000
110011001100000000
110001001100000000
110000001101000000
110000001001000000
110000001001000000
110000001001000000
110000001001000000
110000011000001100
110100011000001100
110110011100001100
110011011100001100
110011011100001100
110011011100001100
110011011100001100
110011011100001100
110011011100001100
110011011100001100
110011011100001100
110011011100001100
110011011100001100
110011011100001100
110011011100001100
110010011100001100
110010001100000100
110000001100000100
110000001100000100
110000001111000100
110000001111000100
110000001111000100
110000001111000100
110000001111000100
110000001111000100
110000001100001100
110000001100001100
110010011100001100
110011011100001100
110011011100001000
110011011100001000
110011011100001000
110011011100000000
110011011100000000
110011011100000000
110011011100000000
110011011100001000
100011011100001000
100011011100001000
100011011100001000
100011011100001000
100011011100001000
100011011100001000
100011011100001000
100011011100001000
100011011100001000
100011011100001000
100011011100001000
100011011100001000
100011011100001000
100011011100001100
110010011000001100
110000000000000100
110000000000000100
110000000000000100
110000000000000100
110010000000000100
110010000000000100
110010000000001100
110010000000001100
110010000000001100
110010000000001100
110010000000001100
110010000000001100
110010000000101100
110010000000100000
110010000000100000
110010000000100000
110010000000100000
110010000000100000
110010000000100000
110010000000100000
110010000000000000
110010000000000000
110010000001000000
110010000001000000
110010000001000000
110010000001000000
110000000001000000
110000000001000100
110000000001000100
110000000001000100
110010000001000100
110010000001000000
110010000001000000
110010000001000000
110010000001000000
110010000001000000
110010000001000000
110010000000000000
110010000000000000
110010000000000000
110010000000000000
110010000000000000
110010000001000000
110010000001000000
110010000001000000
110010000101000000
110000000101000000
110000000101000000
110000000101000000
110000000101000000
110000000101000000
110000000101000000
110000000101000000
110000000101000000
110000000101000000
111010000101000000
111010001101100000
111010001101100000
111010001101100000
111010001101100000
111010001101101100
111010001101101100
111010001100101100
101010001100101100
101010001100101100
101010001100101100
101010001100101100
111010001100100100
110010001100100000
110010001000100000
110010000000100000
110010000000100000
110010000000100000
110010000000100000
110010000000100000
110010000000100000
110010000001100000
100010001101100000
100010001101100000
100010001101100000
100010001101100000
000010001101100000
000010001101100000
000010011101100000
000010011101100000
000010011111100000
000010011111100000
000011011111100000
000011111111100000
000011111111100000
000011111111100000
000011111101100000
000011111101100000
000011111101100000
000011111101100000
000011111101100000
000011111101100000
000011111101100000
000011111101100000
000011011101100000
000011011100001000
000011011100001000
000011011100001000
000011011100001000
000011011100001000
000011011100001000
000011011100001000
000011011100001000
000011011100001000
000011011100001000
000011011100001000
000011011100001000
000011011000001000
000011011000001000
100011011000001000
110011001000000000
110011001000000000
110011001100000000
110001001100000100
110000001100000100
110000001100000100
110000001100000100
110010011100001100
110010011100001100
110010011100001100
110010011100001100
110010011100001000
110010011100001000
110010011100001000
110010011100001000
110010011100001000
110010011100001000
110010011100001000
110010011100001000
110010011100001000
110010011100001000
110010011100001000
110011011100001000
110011011100001000
110011011100001000
110011011100001000
110011011100001000
110011011100001000
110010011100001000
