3016
000000000000000000
010001001010000000
010101001010000000
010101001010000000
010101001010000000
010101001010000000
010101001010000000
010101001010000000
010101001010000000
010101001010000000
010101000010000000
010101010010000000
010101010011000000
010101010011000000
010001010011000000
010001010011000000
110001010011000001
110001010011000001
110001010011000001
110001010011100001
010001010011100001
010001010011100010
010001010011100010
010001011011110010
010011011011110010
010011011011110010
010011011011110010
010011011011110010
010011011011010110
010011000011010110
010011000101011110
010011000101011110
010011000101011110
010011000101011110
000011001101011110
000011001101011110
000011001101011110
000111001101011110
000101001100011110
000101000100001100
000101000100000100
000101000100000100
000101000100000100
000001000100000101
010001000100000101
010000000000001101
010000000000001101
010000000000001101
010001000000001101
000001000000001101
000001000000001101
000001000000001101
000001000000000101
000001000000000101
000001000000000101
000001000000000101
000001000000000101
000101000000000101
000101000000000101
000101000000000101
000101000000000101
000101000000000101
000101000000000101
000101000000000101
000101000000000101
000101000000000101
000101000000000101
000101000000000101
001101000000000101
001101000000000101
001101000000000101
001101000000000101
001101000000000101
001101000000000101
000101000000001101
000101000000001101
000101000000001101
000101000000011101
000101000000011001
000101000000110001
000001000100110001
000001000100110001
000001000100110001
000001000100110001
000001000100110101
000001000100110101
000001000100110101
000001000100111101
100001000100111101
100101000100111101
100101000100111101
100101000000101101
100101000100101101
100101000100101101
100101000100101101
100101000100101101
100001000100101101
100001000100101101
100001000100101101
100001000100101101
100001000100101101
100001000100101101
100001000100111101
100001000100111101
100001000100111101
100001000100111101
100001000100101101
000001000000101101
000001000000100101
000001000000100001
000001000000100001
000001000000100001
000001000000100001
000001000000100001
000001000000100001
000001000000101001
000001000001101101
000001000001101001
000001000001101101
000001000000101101
000001000000101101
000001000000101101
000001000000101101
100001000000101101
100011000000101111
100011000000001111
110011000000001111
110011000000101111
110011000000101111
110011000000101111
110011000000101111
110011000000101111
110011000000101111
100011000000101111
100011000000101111
100011000000101111
100011000000101111
110011000000101111
110011000000101111
110011000000101111
110011000000101111
110011000000101111
110011000000101111
110011000000101111
110011000000101111
100011000000101111
110011000000101111
110011000000101111
110011000000101111
100011000000101111
100011000000101111
100011000000101111
100111000000101111
100111000000101111
100111000000101111
100111000000101111
100111000000101111
100111000000101111
100111000000101111
100111000000101111
100111000000101111
100111000000101111
100111000000101111
100011000000101111
100011000000101111
100011000000101111
100111000000101111
100111000000101111
100111000000101111
100111000000101111
100111000000101111
100111000000101111
100111000000101111
100111000000101111
100111000000101111
110111000000101111
110111000000101111
110111000000101111
110111000000101101
110111000000101101
110111000000101101
110111000000101101
110111000000001101
110011000000001101
110011000000101101
110011000000101101
110011000000101101
110011000000101101
110011000000101101
110011000000101101
110111000000101101
110011000000101101
110011000000101101
110011000000101101
110011000000101101
110011000000101101
110011000000101101
110011000000101101
110011000000101101
110011000000101101
110011000000101101
010011001000001111
010011001000001111
010011001000000110
010011001000000110
010011001000000110
010001001000000110
010001000010000010
010001000010000010
010001000110000010
010001000110010010
010001000110010010
010001000110010010
010000000110010010
010000000110010010
010000000110010010
010000000110010010
010000000110010010
010001000110010010
010001000110010010
010001000110010010
010001000110010010
010001000110010010
010001000110010010
010001000110010010
010001000100000010
010001000100000010
010001000100000010
010001000100000010
010001000100000010
010001000100000010
010001000100000010
010001000100000010
010001000100000010
010000000100000000
010000000100000000
010000000100000000
010000000100000000
010000000100000000
010000000100000000
010000000100000000
010000000000000000
010000000000000000
010000000000000000
010000000000000010
010000000000000010
010000000000000010
010000000000000010
010000000000000010
010000000000000010
010000000000000010
010000000000000010
010000000000000010
010000000000000010
010000000000000010
010000000000000010
010000000000000010
010000000000000010
010000000000000010
010000000000000110
010000000000000110
010000000000001110
010000000000001110
010000000000001110
010000000000001110
010000000000001110
010000000000001110
010000000000001110
010000000000001110
010000000000001110
010000000000001110
010000000000001110
010000000000001110
010000000000001110
010000000000001110
010000000000001110
010000000000001110
010000000000001110
010100000000001100
010100000000000000
010100000000000000
010100000000000000
010100000000000000
010100000000000000
010100000000000000
010100000000000000
010100000000000000
010100000000000000
010100000000000000
010100000000000000
010100000000000000
010100000000000000
010100000000000000
010100000000000000
010100000000000000
010100000000000000
010100000000000000
010100000000000000
010100000000000000
010100000000000000
010100000000000100
010100000000000100
010100000000000100
010100000000000100
010100000000000100
010100000000000100
010100000000000100
010100000000001100
010100000000001100
010100000000001100
010100000000001100
010100000000001100
010100000000001100
010100000000001100
010100000000001100
010100000000001100
010100000000001100
010100000000001100
010100000000001100
010100000000001100
010100000000001100
010100000000001100
010100000000001100
010100000000001100
010100000000001100
010100000000001100
010100000000001100
010100000000001100
010100000000001100
010100000000001100
010100000000001100
010100000000001100
010100000000001100
010100000000001100
010100000000001100
010100000000001100
010100000000001100
010100000000001100
010000000000001100
010000000000001100
010000000000001100
010000000000001100
010000000000001100
010000000000001100
010000000000001100
010000000000001100
010000000000001100
010000000000001100
010000000000001100
010000000100001100
010001000100001100
010001000100001100
010011000100001100
010011000100001100
010011000100001100
010011000100001100
010011000100001100
010011000100001100
010011001100001110
010011001100001110
010011001100001110
010011001100001100
010011001110001100
010011001110001100
010011001110001100
010011001110001100
010011001110001000
010011001110001100
010011001110001000
010011001110001000
010011001110001000
010011001100001000
010011001100001000
010011001100001000
010011001100001000
010011001100001000
010011001100001000
010011001100001000
010011001100001000
010011001100001000
010011001100001000
010011001100001000
010011001100001000
010011001100001000
010011001100001000
010011001100001000
010011001100001000
010111001100000000
010111001100000000
010110001100000000
010100001100000000
010100001100000000
010100001100000000
010101001100000000
010101001100000000
010101000100000000
010101000100000000
010101000111000000
110101000111000000
110101000111000100
110101000111000100
110101000101001100
110101000101001100
110101000100001100
110101000100001100
110101001100001100
110101001100001100
110101001100001100
110101001100001100
110101001100001100
110101001100001100
110111001100001100
110111001100001100
110111001100001100
110111001100001100
110111001100001100
110111001100001100
110111001100001100
110111001100001100
110111001100001100
010111001100001100
010111001100001100
010111001100001100
010111001100001100
010111001100001100
010111001100001100
010111011100001100
000111011100001100
000111011100001100
000111011100001100
000111011100001100
000111011100001100
000111011100001100
000111011100001100
000011011100001100
000011011100001100
000011011100001100
000011011100001100
000011011100001100
000011011100001100
000011011100001100
000011011100001100
000011011100001100
000011011100001100
000011011100001100
000011011100001100
000011011100001100
000011011100001100
000011011100001100
000011011100001100
000011011100001100
000011011100001100
000011001100001100
000011001100011100
000011001100011100
000111001100011100
000111001100011100
000111001100011100
000111001100011100
000111001100011100
000111001100011100
000111011100001100
000111011100001100
000111011100001100
000111011100001100
000111011100001100
000111011100001100
000111011100001101
000111011100001101
000111011100001101
000111011100001101
000111011100001101
000111011100001101
000011011100101101
000011001100100101
000011001100100101
000011001100100101
000111001100100101
000111001100100101
000111001101100101
000111001101100101
000111001101100101
000111001101100101
000111001111100101
000111001111100101
000011000111100101
000011000111100101
000011000111000101
000011000111000101
010011000111000100
010011000111000100
110011000111000100
110011000111000100
110011000111000100
110011000111000100
110011000100001100
110011000100001100
110011001100101100
110011001100111100
110011001100111100
110011001100011100
110011001100011100
110011001100011100
110011001100001100
110011001100001100
110011001100001100
110011000100001101
110011000100001101
110011000101001101
110011000101001101
110011000111001101
110011000111101101
010011000110101101
010011000110101101
010011000110101101
010011000110101101
000011000110101101
000011000110101101
000011000110111101
000011000110111101
001011001110111101
001011001110111101
001011001110111101
000011001100111101
000011001100111101
000011001100111101
000011001100111101
000011001100111101
000011001100111101
000011001100111101
000011011100111101
000011011100111101
000011011100111101
000011011100111101
000011011100111101
000011011100111101
000011001100011101
000011001100011101
000011001100011101
000011001100011101
000011001100011101
001011000100011101
001011000100011101
001011001100011101
001011001100001101
011011001100001101
011011001100001101
011011001100001101
011011001100001101
011011001100001101
011011001100001101
011011001100001101
011011001100001101
011011001100001101
011011000100001101
011011000100001101
011011000100001101
011011000100001101
011011000100001101
011011000100001101
011011000110001101
010011000110001101
010011000110001101
010011000110001101
010011000110001101
010011000110001101
010011000110001101
010011000100001101
010011000100001101
010011001100001101
000011001100001101
000011001100101101
000011001100101100
000011001100101100
000011001100101100
000011001100001100
000011001100001100
000011001100001100
000011001100001100
000011001100001100
000011001100001100
000011001100011100
000011001100011100
000011001100011100
000011001100011100
000011001100111100
000011001100101100
000011001100101100
000011001100101100
000011001100101100
000011011100101100
000011011101101100
000011011101101100
000011011101101100
000011011111001100
000011011111001100
000011001111001101
000011001111001101
000011001110001101
000011001110001101
000011011110001101
000011010110001101
000011010110000101
000011010110000001
000011110110000001
000011110110000001
000010110110001001
001010110110001001
001010110110001001
001010110110001001
001010100110000001
001010100110000001
001010100100000011
001010100100000011
001010100100000011
001010100100000011
001000000000000000
011100000000000000
011100000000000000
011100000000000000
001100001000000000
001100001000000000
001100001000000000
001100011010001000
001100011010001000
001100011010001000
001100011010001000
001100011110001000
001100011110001010
001100011110001010
001100011100001010
001100011100000010
001000010100000010
001000000100000010
001000000100000010
001000000100010010
001000000101010000
001000000001010000
001000000001010000
001000000001010000
001000000001010000
001000000001010000
001000000101010000
011000000101010000
011000000101010000
011000000101010100
011000000101010110
011000000101010110
001000000101010110
001000000101010110
001000000101010110
001000000101010110
001000000101010110
001000000101010110
001000000101010110
001000000101010110
001000000101010110
001000000101010010
001000000101010010
001000000100010010
001000000100010010
001000000100010010
001000000100010010
001000000100010010
001000000100010010
011000000100010010
011000000100010010
011000000100010010
011000000100010010
011000000100010010
011000000100010010
011000000100010010
011000000100010010
011000001100010010
011000001100010010
011000001100010010
011000001100010010
011000001100010010
011000001100010010
011000001100010010
011000001100010010
011000001100010010
011000001100010010
011000001100010010
011000001100010010
011000001100010010
011000001100010010
011000001100010010
011000001100010010
011000001100010010
011000001100010010
011000001100010010
011000001100010010
011000001100010010
011000001100010010
011000001100010010
011000001100010010
011000001100010010
011000001100010010
011000001100010010
011000001100010010
111000001100010010
111000001100010010
111000001100010010
111000000100010010
111000001100010010
111000001100010010
111100001100010010
111100001100010010
111100001100010010
111100001100010010
111100001100010010
111100001100010010
111100001100010010
111100001100010000
111100001100010000
111100001100010000
111100001100000000
111100001100000000
111100001100000000
111100001100000000
111100001100000000
111100001100000000
111100001100000000
111100001100000000
111100001100000000
111110001100000000
111111001100000000
111111001100000000
111111001100000000
111111001100000000
111111001100000000
111111001100000000
111111001100000000
111111001100010000
111111001100010000
111111001100010000
111111011100010000
111111011100010000
111111111100010000
111111111100010000
111011111100010000
111011111100010000
111011011100010000
111001011100010000
111001011100010000
111001011100010000
111001011100010000
111001011100010000
111001011100010000
111001011100010000
111011011100010000
111011011100010000
111011011100000000
111011001100000010
111011001100000010
110011001100000000
110011001100000000
000011001100100001
000011011100100001
000011011100100001
000011011100100001
000011011100110001
000011001100110001
000011001100110001
000011001100110001
000011001100110001
000011001100110001
000011001100110001
000011001100110001
000010001100110001
000010001100110001
001010001100110001
001010001100010001
001010001110010001
001010001110010001
000010001110110001
000010001110110001
000010011110110001
000010011110110001
000010011110110001
000010011110110001
000010011110110001
000010011110110001
000010111110110001
000010111110110001
000010111110110001
000010111110110001
000011111110110001
000011011110110001
000011011110110001
000011011110110001
000011011111110001
000011011111110001
000011011111010001
000011001111010001
000011001111010001
000011001111010001
000011001111010001
000011001111010001
000001001111010001
000001001110010001
000001001110010001
000001001110010001
000001001111010001
000001001111010001
000001001111010000
000001001111010000
000001001111010000
000001001111010000
000001001111010000
000001001111010000
000001001111010000
000001001111010000
000001001111010000
000001001111010000
000001001111010000
000001001111010000
000001001111010000
000001001111010000
000001001111010000
000001001111010000
000001001111010000
000001001111010000
000001001111010000
000001001111010000
000001001111010000
000001001111010000
000001001111010000
000001001111010000
000001001111010000
000001001111010000
000001001111010000
000001001111010000
001001001111010000
001001001111010000
001101001111010000
001101001111010000
001101001111010000
001101001111010000
001001001111010000
001001001111010000
001001001111010000
001001001111010000
001001001111010000
001001001111010000
001001001111010000
001001001111010000
001001001111010000
001001001111010000
001001001111010000
001001001111010000
001001001111010000
001001001111010001
001001001111010001
001001001111010001
001001001111010001
001001001111010001
001001001111010001
001001001110010001
001001001110010001
001001001110010001
001011001110010001
001001001110010001
001011001110010001
011011001110010001
011001001110010001
011101001110010001
011101001110010001
111101001110010001
111101001110010001
111101001110010001
111101001110010001
111101001110010001
111101001110010001
111101001110010001
111101001110010001
111101001110010001
111101001110010001
111101001110010001
111101001110010001
111101001110010001
001101001110010001
001101001110010001
001101001110010001
001101001110010001
001101001110010001
001101001110010001
011101001110010001
011101001110010001
011101001110010001
011101001110010001
011101001110010001
011101001110010001
011001001110010001
011001001110010001
001001001110010001
001001001110010001
001011001110010001
001011001110010001
001011001110010001
001011001110010001
001011001110010001
001011001110010001
001011001110010001
011011001110010001
011011001110000001
011011001110000001
011011001110000001
011011001110000001
011001001110000001
011001001110000001
011001001110000001
011001001110000001
011001001110000001
011000001110000001
011000000110010001
011000000110010001
011000000110010001
011000000110010001
011000000110010001
011001000110000001
011001000110000001
011001000110000001
011001000110000001
011001000110000001
011001000110000001
011001000110000001
011001000110000001
011001000111000001
011001000111000001
011001000111000001
011001000111000001
011001000111000001
011001000111000001
011001000111000001
011001000111000001
011001001111000001
011001001111000001
011001001111000001
001001001111000001
001001001111000001
001001001111000001
001001001111000001
001001000110000001
001001100110001001
001001100110011001
001011100100011001
001011100100011001
001011101100001001
001011101100001001
001011101100001001
001011101110000001
001011101110000001
001011101110000001
001011101110000001
001011101110000001
000011101111000001
000011101111000001
000111101111000001
000111101111000001
000111100111000001
000101100111000001
000101100111100001
000101100111100001
000101100111100001
000000100111100001
000000100110100001
000000100110100001
000000110110100001
000000110110101001
000000110110101001
000000110110101001
000100110110101001
000100110110101001
000100110010101001
000100110010101001
000100110010111001
000100000010110001
000100000010110101
000100000010110101
000100000010110101
000100000010110101
000100100010110101
000101100010111101
000101100010111101
000101111110111101
000101111110111101
000101111110111101
000101111110111101
000101111110111101
000101111110111101
000111111110111101
000111111110111101
000111111110111101
000111111110111101
000111111110111101
000111111110111101
000111111110111101
000111111110111101
000111111110111101
000111111110101101
000111111110101101
000111111110101101
000111111110101101
000111111110101101
000111111110111101
000111111110111101
000111111110111101
000111111110111101
000111111110111101
000101111110111101
000101111110111101
000101111110111101
000101111110111101
000101111110111101
000101111110111101
000101111110111101
000101111110101101
000101111110101101
000101111110101101
000101111110101101
000101111110101101
000101111110111101
000101111110111101
000101111110111101
000101111110111101
000101111110111101
000101111110101101
000101111110101101
000101110010101101
000101110010101101
000101110010101101
100101100010101101
100101100010101101
110101100010101101
110101100010101101
110101100010101101
110001100010101101
110000100010101101
110000100010101101
010000100010101101
010000100010101101
000000100010101101
000000100010101101
001000100010101101
001000100010101101
000000110010101101
000000110010101101
000000110010101101
000000110010101101
000000110010101101
000000110010101101
000000111110101101
000000111110101101
000000111110101101
000100111110101101
000100101110101101
000100101110101101
000100100110101001
000100100110101001
000101100110100001
000101100110110001
000101100110110001
000101100110110001
000101100110110001
000101100110110001
000001100110110001
000001100110110001
000001100110110001
001001100110000001
001001100111000001
011011101101000001
011010100101000001
010010100101010001
010010101101010001
010010101101010001
110000101101010001
110000000101010001
110001000101010001
110001000111000001
110001000111000001
110001000111000001
110001000111000001
110001000111000000
110001000111000000
010001000111000000
010001000111000000
010001000111000000
010001000111000000
000001000111100000
000001000111100000
000001000111100000
000001000111100000
000001000111100000
000001000111000000
000001000111000000
000001000111000000
000000000111000000
000000000111000000
000000000111000000
000000000111000000
000000000111000000
000000000111000000
000000000111000000
000000000110000000
000000000110000000
000000000110000000
000000000110000000
000000000110000000
000000000110000000
000100000110000000
000100000110000000
000100000111000000
000100000111000000
000100000111000000
000100000110000000
000100000110000000
000100000110000000
000000000110000000
000000000110000000
000000000110000001
000000000110000001
000000000110000001
000000000110000001
000100000110000001
000100000110000001
000100000110000000
000000000110000000
000000000110000000
000000000110000000
000000000110000000
000000000110000000
000000000111000000
000001000111000000
000001000111000001
000001000111000001
000001001111000001
000001001111000001
000011001111000001
000011001111000001
000011001101010001
000011001101010001
000001001101010001
000001001101010001
100001001110010101
100001000110010101
110001000110010101
111101000110011101
101101000110011101
101101000110011101
101101000110111101
101101001110111101
101101001110111101
101101011110111101
101111011110111101
101111011110111101
101111011110111101
101111011110111101
101111011110111101
101111011110111101
101111011110111101
101111011110111101
101111011110111101
101111011110111101
101111011110111101
101111011110111101
101111011110111101
101111011110111101
101111011110111101
101111011110111101
100111011110111101
100111011110111101
100111011110111101
100111011110111101
100111011110111101
100111011110111101
100111011110111101
100111011110111101
100111011110111101
100111011110111101
100111011110111001
110111011110111001
110111011110111001
110101001110100001
110101001110100001
110101001110100001
110101000110100001
110101000111100000
110101000011100000
110100000011100000
110100000011100000
110100000011100000
110100000111100000
110100000111100000
110100000111100010
110101000111110010
110101000111110010
010101000111110010
000101000111110010
000101000111110010
000101000111110010
000101000111110010
000101000111110010
000101001111110010
000101001111100010
000101001111100010
000101001110100010
000101000010100010
000101000010100010
010101011110000000
010101011110000000
010101011110000010
010101011110000010
110101011110000010
110101011110000010
110101001110000010
110101001110000010
110101001110000010
111101001110000010
111101001110000010
111101001110000010
111101000110010010
111101000110010011
111101000110010011
111100000110010011
111100000111010011
111100000110011011
111100000111011111
110101001111001111
110101001011001111
110101001011000100
110101001011000100
110101000011000100
110101000011100000
110101000011000000
110101000010000000
010100000010000000
010100001100000000
000100001100000000
000100001100100000
000100001100000000
000100000100000000
000100000100000000
000100000100000000
000100000100000000
000100000100000000
000100000100000000
000100000000000000
010100000000000000
010100000001000000
010100000001000000
111100000001000000
111100000001000000
111100000001000000
111100000001000000
111100000001000000
111100000001000000
111100000001000000
111100000001000000
111100000001000000
111100000001000000
111100000001000000
111100000001000000
111100000101000000
111100000101000000
111100000101000000
111100000101000000
111100000101000000
111100000101000000
111100000101000000
111000000101000000
111000000101000000
111000000101000000
111000000101000000
111000000101000000
111000000101000000
111000000101000000
111000010101000000
111000010101000000
111000010101000000
111000010101000000
111000010101000000
111000010101000000
111000010101000000
111000010101000000
111000010101100000
111000000101100000
111000000101100000
111000000101100000
111000000101100000
111000000101100000
111000000101100000
111001000101110000
111001010101110000
111001010001111100
111001010001111100
111001010001101100
111001010001101100
111001010001101100
111001010001101100
111001010001101100
111001010001101100
111001010001101000
111001010001101000
111001010001101000
111001010001101000
111100010001101000
111100010001001000
111100010001001000
111100010001000000
111100010001000000
111100010001000000
111100000101000000
111100000101000000
110100000101000000
110100000101000000
010100000111000000
010100000111000000
010100000111000000
010100000111000000
010100000111000000
010100000011000000
010100000011000000
010100000011000000
010100000011000000
010100000011000000
010100000011000000
010100000011000000
010100000011000000
010100000011000000
010100000011000000
010100000011000000
010100000011000000
010100000011000000
010100000011000000
010100000011000000
010100000011000000
010100000011000000
010100000011000000
111000000011000001
111001000011000001
111001000011000001
111001000011000001
111001000001000001
111001000001000001
111001000001001000
110001000001001000
010001001001001100
010001001000001100
010001001000001110
010001001000001110
010001001100001010
010001001100001010
010001001100001010
010001001100000010
010001000101000010
010001000101000010
010001000101000010
010001000101000010
010000000101000000
010000000101000000
010000100101000000
010000100101000000
010000100101010000
010000100101010000
010000100100010000
010000100100010000
010000100100010000
010000100100010000
010000101100010000
010000101100010000
010000101100010000
011000101100010000
011000100100010000
011000100100010000
011000100100010000
011010100100010000
011010100100010000
011010100100010000
011010100100010000
011010110100000000
011010110100000000
011010110100000000
010010110100000000
010010110100000000
010010110100000000
010010110100000000
010010111100000000
010010111100000000
010010111100000000
010010111100000000
010010111100000000
010010111101000000
010010111101000000
010010111101000000
010010101101000000
010010101101000000
010010101101000000
010010101101000000
010010101101000000
010010101101000000
010010101101000000
010010100101000000
010000100101000000
010000100101000000
010000100101000000
010000100101000000
010000100101000000
010000100101000000
010001100101000000
010011100101000000
010011100101000000
010011100101000000
010011100101000000
010001100101000000
010000100001000000
010000100001000000
010000100001000000
010000100001000000
010000100001000000
010000100001000000
010000100001000000
010000100001000000
010000100001000000
010000100001000000
010000100001000000
010000100000000000
010000100000000000
010000100000000000
010000100000000000
010000100000000000
010000100000000000
010000100000000000
010000100000000000
010000100000000000
010000100000000000
010000100000000000
010000100000000000
010000100000000000
010000100000000000
010000100000000000
010000100000000000
010000100000000000
010000100000000000
010000100000000000
010000100000000000
010000100001000000
010000100001000000
010000100001000000
010000100001000000
010000100001000000
010000100001000000
010000100001000000
010000100001000000
010000100001000000
010000101001000000
010000101001000000
010000101001000000
010010101001000000
010010101001000000
010010101001000000
010010101001000000
010010101001000000
010010101001100000
010010111001100000
010010111001100000
010010111001100000
010010110001100000
010010110001100000
000011110111000001
001011110111000001
001011110111000001
001011110111000011
001011110111000011
001011110111000001
001011010110000001
001001010110000011
000000001010000011
000000011010000011
000011011010000111
000011011010001111
001111011000001111
101111011000001111
101111011000001111
101111011000001111
101111111000011111
101111111000011111
101111111000011111
101111111000011111
101111111000011111
000111111100011111
000111111100011111
000111111100011101
000111111100010001
000111111100010001
000111111110110001
000111111110110001
000111111110110001
000111111110110001
000101111110110001
000101111110110001
000101111110110001
000101111110110001
000101111110110001
000000111110110001
000010111110110001
000010001110110001
000010001110110001
000010001110110001
000010001110110001
000010001110110001
000010001110010001
000110001110010001
000110001110010001
000110001110010001
000110001110010001
000110001110010001
000110011110110001
000110111110110001
000110111110110001
000010111110110001
000010111110110001
000010111110111101
000010111110111101
000110111110111101
000110111110111101
000110111110111101
000110111110111101
000101111110111101
000101010110111101
000101010110111101
000101010110111101
000101010110111101
000011110110111101
000011111110111101
000011111110111101
000011111110111101
000011111110101101
000011111110101101
000011111100101101
000011111100101101
000011111100101101
000011111100101101
000011111100101101
000011111100101101
000011111100101101
000011111100101101
000011111100101001
000011111100101001
000011111100101001
000011111100101001
000011111100101001
000011111100101001
000011111100101001
000011111100101001
000011111100101001
000011111100101001
000011111100101001
000011111100101001
000011111100101001
000011111100101001
000011111100101001
000011111100101001
000011111100101001
000011111100101001
000011111100101001
000011111100101001
000011111100101001
000011111100101001
000011111100101001
000011111100101001
000011111100001001
000011111100001001
000011111100001001
000011111100001001
000011111100001001
000011111100001001
000011111100001001
000011111100001001
000011111100101001
000011111100101001
000011111100101001
000011111100101001
000011111110101001
000011111110101001
000011111110101001
000011111110101001
000011111110101001
000011111110101001
000011111110101001
000011111100101001
000011111100101001
000011111100101001
000011111110101001
000011111110101001
000011111110101001
000011111110101101
000011111110101101
000011111110111101
000011111110111101
000011111110111101
000011111110111101
000111111110111101
000111111110111101
000111111110111101
000111111110111101
000111111110111101
000111111110111101
000111111110111101
000111111110111101
000111111110111101
000111111110111101
000111111110111101
000111111110111101
000111111110111101
000111111110111101
000111111100111101
000111111100011101
000111111100001101
000111111100001101
000111111100001101
000111111100001101
000111111100001101
000111111100001101
000111111100001101
000111011110101101
000111011110101101
000111011110101101
000111011110101101
100111000110101101
100111000010101101
110101000010101101
110101000010101101
110101000010110101
110101000010110101
110001000011110101
110001000111110101
110001000111110101
110001000111110101
110101000110110101
110101000110110101
110101001100111101
110101001100101101
110101001100101101
110101001100101101
110101001100101101
110101001100101101
100101001100111101
100101001100111101
100101001110111101
100101001110111101
100101001110110101
100101001110110101
100101001110110101
100101001110110101
100111001110110101
100111001110110101
100011001110110001
100011001110110001
100011001110110001
100011001110100001
100011011110100001
000011011110100001
000011011110100001
000011011100100001
000011011100100001
000011001100101000
000011001100101000
000111001100101100
000111001100101100
000111011100101100
000111011100101100
000111011100101100
000111011100101100
000111011100101100
000111011100101100
000111001100101100
000111001100101100
000111001100101100
000111001100101100
000111001100101100
000111001100101100
000111001100101100
000111001100101100
000111001100101100
100111001100101100
100111001110101100
100111001110101100
000111001110101100
000111001110101100
000111001110101100
000111001110101100
000111001110101100
000111001110101100
100111001110100100
100111001111000100
100111001111000100
100111001111000000
100111001111000000
100111001111000000
100111001111000000
100111001111000000
100111001111000000
100111001111010000
100111001111110000
100111001110110000
110011001110110000
110011001110110001
110011001110110001
110011001110110001
110011001110110001
110011001111110001
110011001111010001
110111001111010001
110111001111010001
110101001111010101
110101001111010101
110101001111011101
111100001111011101
111100001110011100
111100001110011100
111100001110011100
111100001110011100
110100001110011100
100100001110011100
100100001110011100
100100001110011100
100100001110011100
100100001110011100
100100001110011100
100100001110011100
100100001110010100
101100001110010100
101100001110010100
101100001110010100
101100001110010100
101100001110011100
101100001110011100
101100001110011100
101100001110011100
101100001110011100
101100001110011100
101100001110011100
101100001110011100
101100001110011100
101110001110011100
101110001110011100
101110001110011100
101110001100011100
101110001100011100
101111001100011100
101111001100111100
100111001100111100
100111001100111100
100111011100111100
100111011100111100
100111011100111100
100111011100111100
100111011100111100
100111011100111100
100111011100111100
100111011100111100
100111011100111100
100011011100111100
100011011100101100
100011011100101100
100011011100101100
100011011100101100
100011011100101100
100011011100101100
100011011100101100
100011011100101100
100011011100101100
100011011100101100
100011011100101100
100011011100101100
101011011100101100
101011011100101100
111011011100101100
111011011100101100
111011011100101100
111011011100101100
111011011100101100
111011011100101100
111011011100101100
111011011100101100
111011011100101100
111011011100101100
111011011100101100
111111011110111100
111111011110111100
111111001110111101
111111001110111101
111111001111011101
111111001111011101
111100001011011100
111100001011011100
111100001011010100
111100001011010100
111100001011010110
111100001011010110
111100001011010110
111100001011010110
111100001011010110
111100001010000110
111100001010000100
111100001010000100
111100001010000100
111100001010000100
111100001010000100
111100001010000100
111100001010000100
110100001010000100
110100001010000100
110100001010000100
110100001010000100
110100001010010100
110100001010010110
110100001110010110
110100001110010110
110100001110010110
110100001110010110
110100011110010110
110100011110010110
110100011110000110
110100011110000110
110100011110001110
010100011110001110
010100011110001010
010100011110001010
010100011110001010
000100011110101010
100100011110101010
101100011110101010
101100011110101010
101100011110101010
101100011110101010
101100011110101010
101100011110101010
101100011110101010
101100011110101010
101100011110101010
101100011110101010
101100011110101010
101100011110101010
101100011110101010
101100011110101010
101100011110101010
101100011110101010
101100011110101010
101100011110101010
101100011110101010
100100011110101000
100100011110101000
100100011110101000
100100011110111000
101010011110111010
101010011110111010
111010011110011010
111010011110011010
111010011110011110
111010011110011110
111100011110011110
110101011110011110
100101011110011101
100101001100011101
100101001100011101
100101001100011101
100001001100111001
100001001101111001
100001001101100001
010001001101100001
010001001001100001
010001000001100001
010001000001000001
010001000001000001
010001000101000001
010001000101000000
010001000101000000
010000000101000000
000010000100000000
000010100100000000
000010100100000000
000010100100000000
000010100100000000
000010100100000000
000010100100000000
000010100100000000
000010100100000000
000010100100000000
000010100100000000
000010100100000000
000010100100000000
000010100100000000
000010100100000000
000010101100000000
000010101100000000
000010101100000000
000010101100000000
010011101100000000
010011101100000000
010011101100000000
010011101100000000
010011101100000000
010011100100000000
010011100100000000
010011100100000000
010011100100000000
010010100100000000
010010100100000000
010010100100000000
010010100100000000
010010100100000000
010000100000000000
010000100000000000
010000100000000000
010000100000000000
010001000000000001
010001000000000001
010001000010000001
010001000110000001
010001000110000001
010001000110000001
110001001111000001
110001001101000101
110001001101000100
110001001101000100
110001001100000100
110001001100000101
110001001100000101
110001001100001100
110001001100001100
110001000100001100
110001000100001100
110001000010000100
110101000010000100
111101000011010101
111101000010010101
111101000010010101
111100000010010101
111100000010010101
111100000010010101
111100000010010101
111100000010010101
111100000010110001
111100000010110001
111101000110110001
111101000110110001
111101000110110001
111101000110110001
110101000110110001
110101000110110001
110101000010110001
110101000010110001
110101000110110001
110101000110110001
110101000110111101
110101000110111101
111101000110111101
111101000110111101
111101000110111101
111101000110111101
111101000110111101
101101000110111101
101100000110111101
101100000110110101
101100000110110101
101101000110110101
101101000110110101
101101000110110101
101101000110110101
101101000110110101
101101000110110001
101101000110110001
101101000110110001
101101000110110001
101101000110110001
101101000110010101
101101001110010101
101101001110010101
101101001110010101
101101001110010101
101101001110010101
101101001110010001
101101000110110001
100101000110110001
100101000110110001
000101100110100001
000101100110100001
000101100010100001
000101100010100001
000101100010100001
000101100010100001
000101100011100001
000101100011100001
000101100011100001
000100100011000001
000100100011000001
000100100011000001
000101100011000001
000101100011000001
000101100011000001
000101100011000001
000101100011000001
000101100110000001
000101100110100001
000101100110100001
000100100110100001
000100100110100001
000100100110100001
000100100110100001
000100100111100001
000100100111100001
000100100111100001
000100100111100001
000100100111100001
000100101111100001
000000101111000001
000000101111000001
000011101110000001
000011101110000001
000011101110000001
000011001000000001
010011001000000001
010010001000000001
010010001000000001
010010001100000001
010010001100000001
010010001100000001
010010001100000001
010010001110000001
010010001110000001
010010001110000001
010010001110000001
010010001110000001
010010001110000001
010010001110000001
000010001110000001
000010001110000001
000010001110000001
000010001110000001
000010001110000001
000010001110000001
000010001111000001
000010001111010001
000010001111010001
000010001111010001
000010001111010001
000010001111010001
000010001111010001
000010001111010001
000010001111000001
000010001111000001
000010001110000001
000010001110000001
001010001110000001
001010101110000001
001011101110000001
001011101110000001
001011101110000001
001011101110000001
001011101111000001
001011101111000001
001011101111000001
001011101111000001
001011101111000001
001011101111000001
001011101111000001
001011101111000001
001011101111000001
001011101111000001
001011101111000001
001011101111000001
000011101111010001
000011101111010001
000011101111010001
000011101111010001
000011101111010001
001011101111010001
001011100111010001
001011100111010001
001011100111010001
000011100111010001
000011100111010001
000011100111010001
000011100111010001
000011100111010001
000011100111010001
000011100111010001
000010100111010001
000010100111010001
000010100011010001
000010100011010001
000010100011010001
000010100011010001
000011100011010001
000011100011010001
000011100011010001
000011100011010001
000011100011010001
000111100011010101
000101100011010101
000101100011000101
000101100011000101
000101100011100101
000101100011100101
000101100011100101
000101000011100101
000100000011100101
000100000010110101
000100000010110101
000100000010110101
000100000010010101
000100000010010101
001100000010010101
001100000011010101
001100000011010101
001100000011010101
001100000011010101
001100000011010101
001100000011010101
001100000011010101
001100000011010101
001100000011010101
001100000011010101
001100000111010101
001100000111010101
001100000111010101
001100000111010101
001100000111010101
001100000111010101
001100000111010101
001100000111010101
001100000111010101
101100000111010101
101101000111010101
101101000111010101
101101000111010101
101101000111000101
001101000111000101
001101000011000101
000101000011000101
000101000011000101
000101000011101101
000101000011101101
000101000011101101
000101000011101101
000101000011101101
000101000011101101
000101000010101101
000101000010101101
000101000010101101
000101000010101101
000101000010101101
000101000010101101
000101000010101101
000101000010101101
100100000010101101
100100000010101101
100100000010101100
100100000010101100
100100000010101100
100100000000101100
100100000000001100
100100000000001100
110100000000001100
110100000100001100
110100000100001100
110100000100001100
110100000100001100
110100000100001100
110100000100001100
110100000000001100
111100000000001100
111100000000001100
111100000000001100
111100000000001100
111100000100001100
111100000100001100
111100000100001100
111100000100001100
111100000100001100
111100000000001100
111100000000001100
111100000000001100
111100000000001100
111100000000001100
111100000000001100
111100000000001100
111100000000001100
111100000000001100
111100000000001100
111100000000001100
111100000000001100
111100000010001100
111100000010001100
111100001010001100
111100001010011100
111100001010011100
111100001010011100
111100001010011100
111100001010011100
111100001010011100
111100001010011100
111100001010011100
111100001010011100
111100001010011100
111100001010011100
111100001110011100
111100001110011100
111100001110011100
111100001110011100
111100001110011100
111100001110011100
111100001110011100
111100001110011100
111100001110011100
111100001110011100
111100001110011100
111100001110011100
111100001110011100
111100001110011100
111100001110011100
111100001110011100
111100001100011100
111100001100011100
111100001100011100
111100001100011100
111100001100011100
111100001100011110
111100001100011110
111100001100011110
111100001100011110
111100001100011110
111100001100011110
111100001100011110
111100001100011110
111100001100011110
111100001100011110
111100001010011110
111100001011011110
111100001011011110
111100001011011110
111100001011010110
111100001011010110
111100001011010110
110100001011010110
110100001011010110
110100001011010110
111100001010011110
111100001010011100
111100001010011100
111100011110011100
101100011110011100
101100011110011100
101100011110001100
101100011110001100
101100011110001100
111100011110001100
111100011110001100
111100011110001100
111100011110001100
111100011110001100
111100011110001100
111100011110001100
111100011110001100
111100011110001100
111100011110101101
111000011110101101
111011011110101101
111011011100101101
110011011100101101
110011011100101101
110011011100101100
110011011100101100
110011011100001100
110011011100001100
110011011100001100
110011011100001100
110011011100001100
110111011100001100
110111011100001100
110111011100001100
110111011100001100
110011011100001100
110011011100001100
110011011100001100
110011011100001100
110011011100001100
110011011100001100
110011011100001100
110011011100001100
110011011100001100
110011011100001100
110011011100001100
110011011100001100
110011011100001100
110011011100001100
110011011100001100
110011011100001100
110011011100001100
110011011100001100
110011011100001100
110011011100001100
110011011100001100
110011011100001100
110011011100001100
110011011100001100
110011011100001100
110011011100001100
110011011100001100
110011011100001100
110011011100001100
110011011100001101
110011011100001101
110001001100001101
110001001100001101
110001001100001101
111001001100001101
110001001101000101
111001001101000100
111001001100000100
111001001100000100
111001001100001100
111011001100001100
111011001100001100
111011001100001100
111011001100001100
111011001100001100
111011001100001100
111011001100001100
110011011100001100
110011011100001100
110011011100001100
110011011100001100
110011011100001100
110011011100001100
110011011100001100
110011011100001100
110011011100001100
110011011100001100
110011011100001100
110011011100001100
110011001100001100
110011001100001100
110011001100001100
110011001100001100
110011001100001100
110011001100001100
110011001100001100
110111001100001100
110111001100000100
110111001100000100
110111001100000100
110111001100000100
110111001100000100
110111001100000100
110111001100000100
110111001100000100
110111001100000100
110111001100000000
110111001100000000
110011001100000001
110011001100000001
110011011100000001
110011011100000001
110011011100000001
110011011100000001
110011011100000001
110011011100000001
110011011100000000
110011011100000000
010011011100000000
010011011100000000
010011011100000000
010011011100000000
010011011100000000
010011011100000000
010011011100000000
010011011100000000
010011011100000000
010011011100000000
010011011100000000
010011011100000000
010011011100000000
010011011100000000
010011011100000000
010111011100000000
010110001100001000
010110001100001000
010110001100001000
010110001100001000
010100001100000000
010100001100000000
010100001101000000
010100001101000000
010100001001000000
010100001001000000
010100001001000000
010100001001000000
010100001011000000
010100001011000000
010100001011000000
010100001011000000
010100001001000000
110100001001000000
110100001001000000
110100001001000000
110100011001000000
110100011001000000
110100011001000000
110100011001000000
110100011011000000
110100011011000000
110100011011000000
110100011011000000
110100011011000000
110100011011000000
110100011000000000
110100011000000000
110100011000000000
110100011000000000
110100011010000000
111100011010000000
111100011110000000
111100011110000000
111100011110000000
111000011110000000
111000011100000000
111000011100000000
111000011100000000
111000011100000000
111000011100000000
111000011100000000
111100011100000000
111100011100000000
111100011100000000
111100011100000000
111100011100000000
111100011100000000
111100011100000000
111100011000000000
111100101000000000
111100101000000000
111100101000000001
111100101000000001
111000100000000001
111000100010000001
111000100010000001
111000100010000001
111000100010000001
111000100010000001
111000100010000001
111000100010000001
111000100010000001
111000100010000001
101000110110000001
101000110110000001
001000111110000001
001000111110000001
001010111110000001
001010111110000001
001010111110000001
001010111100000001
001010111100000001
001010111100000001
001010111100000001
001010111100000001
001010111100000001
001010111100000001
001010111100000001
001010111100000001
001010111100000001
001010111100000001
001010111100000001
001010111100000001
001011111100000001
001011111100000001
001011111100000001
001011111100000001
001011111100000001
001011111100000001
000011111100000001
010011111100000001
010011111101000000
110011111101000000
110011111101000000
110011111101000000
110011111101000000
110011111101000000
110011111101000000
110011111001000001
110011111001000001
110011111000000001
110011111000000001
110011111000000001
110011111000000001
110011111000000001
110011111000000001
110011111000000001
110011111000000001
110011111000000001
110011111000000001
110011111100000001
111011111100000001
111011111100000001
111011111100000001
111011111000000001
111011111000000001
111011111000000001
111011111000000001
111011111000000001
111011111001000001
110011111001000001
110011111001000000
110011111001000000
110011111001000000
110011111001000000
110011111001000000
111011111001000000
111011111001000000
111011111101000000
111011111101000000
111011111101000000
111011111101000000
111000111101000000
111000111101000000
111000111101000001
111000111101000001
111000111101000001
111001011101000001
111001011101000001
111011111101000001
111011111101000001
111011111101000001
111011111001000001
111011111001000001
111011111001001001
111011111001001001
111011111001001001
111011111001001001
111011111001001001
111011111001001001
111011111001001001
111011111001001001
111011111001000001
111011111001000001
111011111001000001
111011111001000001
111011111001000001
111011111101000001
111011111101000001
111011111101000001
011011111101000001
011011111101000001
011011111101000001
011011111101000001
011011111101000001
011011111101000001
011011111101000001
011011111101000001
011011111101000001
010000001101000000
010000001100000000
010000000100000000
000000000100000000
000000000000000000
000000000000000000
000000000000000000
000000000000000000
000000000000000000
000000000000000000
000000000000000000
000000000000000000
000000000000000000
000000000000000000
000000000000000000
000000000000000000
000000000000000000
000000000000000000
000000000000000000
000000000000000000
000000000000000000
000000000000000000
000000000000000000
000000000000000000
000000000000000000
000000000000000000
000000000000000000
000000000000000000
000000000000000000
010000000000000000
010000000000000000
010000000000000000
010000000000000000
000000000000000000
000000000000000000
000000000000000000
000000000000000000
000000000000000000
000000000000000000
000000000000000000
000000000000000000
000000000000000000
000000000000000000
000000000000000000
000000000000000000
000000000000000000
000000000000000000
000000000000000000
000000000000000000
000000000000000000
000000000000000000
000010000000000000
000010000000000000
000010000000000000
000010000000000000
000010000000000000
000010000000000000
010010000000000000
010010000000000000
010010000000000000
010010000000000000
011010000000000000
001010000000000000
001010000000000000
001010000000000000
001010000000000000
000010000000000000
000010000000000000
000010000000000000
000010000000000000
000010000000000000
000010000000000000
000010000000000000
000010000000000000
000010000000000000
001010000000000000
000010000000000000
000010000000000000
000000000000000000
000000000000000000
000000000000000000
000000000000000000
000000000000000000
000000000000000000
000000000000000000
000000000000000000
000000000000000000
000000000000000000
000000000000000000
000000000000000000
000000000000000000
000000000000000000
000000000000000000
000000000000000000
000000000000000000
000000000000000000
000000000000000000
000000000000000000
000000000000000000
000000000000000000
000000000000000000
000000000000000000
000000000000000000
000000000000000000
000000000000000000
000000000000000000
000000000000000000
000000000000000000
000000000000000000
000000000000000000
000000000000000000
000000000000000000
000000000000000000
000000000000000000
000000000000000000
000000000000000000
000000000000000000
000000000000000000
000000000000000000
000000000000000000
000000000000000000
000000000000000000
000000000000000000
000000000000000000
000000000000000000
000000000000000000
000000000000000000
000000000000000000
000000000000000000
000000000000000000
000000000000000000
000000000000000000
000000000000000000
000000000000000000
000000000000000000
000000000000000000
000000000000000000
000000000000000000
000000000000000000
000000000000000000
000000000000000000
000000000000000000
000000000000000000
000000000000000000
000000000000000000
000000000000000000
000000000000000000
000000000000000000
000000000000000000
000000000000000000
000000000000000000
000000000000000000
000000000000000000
000000000000000000
000000000000000000
000000000000000000
000000000000000000
000000000000000000
000000000000000000
000000000000000000
000000000000000000
000000000000000000
001000000000000000
001000000000000000
001000000000000000
001000000000000000
001000000000000000
001000000000000000
001000000000000000
001000000000000000
001000000000000000
001000000000000000
001000000000000000
001000000000000000
001000000000000000
001000000000000000
001000000000000000
001000000000000000
001000000000000000
001000000000000000
001000000000000000
001000000000000000
001000000000000000
001000000000000000
001000000000000000
001000000000000000
001000000000000000
001000000000000000
001000000000000000
001000000000000000
001000000000000000
001100000000000000
111100000000100000
111100000000100000
111100000000100000
111100000000100000
111000000000100000
111000000000100000
111000000000100000
111000000000100000
111000000000100000
111000000000100000
111000000000100000
111000000000100000
111000000000100000
111000000000100000
111000000000100000
111000000000100000
111000000000100000
111000000000100000
111000000000100000
111000000000100000
111000000000100000
111000000000100000
111000000000100000
111000000000100000
111000000000100000
111000000000100000
111000000000100000
111000000000100000
111000000000100000
111000000000100000
111000000000100000
111000000000100000
111000000000100000
111000000000100000
111000000000100000
111000000000100000
111000000000100000
111000000000100000
111000000000100000
111000000000100000
111000000000100000
111000000000100000
111000000000100000
111000000000100000
111000000000100000
111000000000100000
111000000000100000
111000000000100000
111000000000100000
111000000000100000
111000000000100000
111000000000100000
111000000000100000
111000000000100000
111000000000100000
110010000000100000
110010000000100000
110010000000100000
110010000000100000
110010000000100000
110010000000100000
110010000000100000
110010000000100000
110010000000100000
110010000000100000
110010000000100000
110010000000100000
110010000000100000
110010000000100000
110010000000100000
110010000000100000
110010000000100000
110010000000100000
110010000000100000
110010000000100000
110010000000100000
110010000010100000
110010000010100000
110010000010100000
110010000010100000
110010000010100000
110010000010100000
110010000010100000
110010000000100000
110010000000100000
110010000000100000
111000000000100000
111000000000100000
111000000000100000
111000000000100000
111000000000100000
111000000000100000
111000000000100000
111000000000100000
111000000000100000
111000000000100000
111000000000100000
111000000000100000
111000000000100000
111000000000100000
111000000000100000
111000000000100000
111000000000100000
111000000000100000
111000000000100000
111000000000100000
111000000000100000
111000000000100000
111000000000100000
111000000000100000
111000000000100000
111000000000100000
111000000000100000
110010000000100000
110010000000100000
110010000000100000
110010000000100000
110010000000100000
110011000000100000
110011000000100000
110011000000100000
010011000000100000
010011000000100000
010011000000100000
010010000000100000
010010000000100000
010010000000100000
010010000000100000
110010000000100000
110010000000100000
110010000000100000
110010000000100000
110010000000100000
110010000000100000
110010000000100000
110010000000100000
110010000000100000
110010000000100000
110010000000100000
110000000000100000
111000000000100000
111000000000100000
111000000000100000
111000000000100000
111000000000100000
111000000000100000
111000000000100000
111000000000100000
111000000000100000
111000000000100000
111000000000100000
111000000000100000
111000000000100000
111000000000100000
111000000000100000
111000000000100000
111000000000100000
111000000000100000
111000000000100000
111000000000100000
111000000000100000
110000000000100000
110000000000100000
110000000000100000
110100000000100000
111110000000100000
111110000000100000
111110000000100000
101100000000000001
101100000000000001
101110001000001111
101111001000001111
101111001000001111
101111001000001111
101111001000001111
111111001000001111
111111011000001111
111111011000001111
111111011000001111
111111011000001111
111111011000001111
111111011000001111
111111011000001111
111111011000001111
111111011000001111
111111011000011111
101111011000011111
101111011000011110
101111011100011110
100101001101011110
100101001101011110
100101001101011110
100101001101010110
100101001101010110
100101001101010010
100101001101010010
000101001101010010
000101001101010010
000101001101010010
000101000101011010
000101100101011000
000101100101001000
001101100101001000
001101100101001000
001101100111001000
001101100111001000
001101100111001000
001101100111001000
001101100111001000
001101100111001000
001101100111001000
001101100111001000
001101100111001000
001101100111001000
001101100111001000
001101100111001000
001101100111001000
001101100111001000
001101100111001000
001101100111001000
001101100111001000
001101100111001000
001101100111001000
001101100111001000
001101100111001000
001101100111001000
001101100111001000
001101100111001000
001101100111001000
001101100111001000
001101100111001000
001101100111001000
001101100111001000
001101100111001000
001101100111001000
001101100111001000
001101100111001000
001101100111001000
001101100111001000
001101100111001000
001101100111001000
001101100111001000
001101100111001000
001101100111001000
001101100111001000
001101100111001000
001101100111001000
001101100111001000
001101100111001000
001101100111001000
001101100111001000
001101100111001000
001101100111001000
001101100111001000
001101100111001000
001101100111001000
001101100111001000
001101100111001000
000101000111001000
000100000011001000
000100000011001000
