226
000100000000000000
000100000010000000
000100000010000000
000100000000000000
000100000000000000
000100000000000000
000100000000000000
000100000000000000
000100000000000000
000100000000000000
000100000000000000
000100000000000000
000100000000000000
000100000000000000
000100000000000000
000100000100000000
000100000100000000
000100000100000000
000100000100000000
000100000100000000
000100000100000000
000100000100000000
000000000000000000
000000000000000000
000000000000000000
000100000010000001
000100000010000001
000100000010000001
000100000010000001
000100000010000001
000100000010000001
000100000010000001
000100000000000001
000100000000000001
000100000000001001
000100000000001001
000100000000001001
000100000000001001
000100000000001001
000100000000001001
000100000000001001
000100000000001001
000100000000001001
000100000000001001
000100000000001001
000100000000001001
000100000000001000
000100000000001000
000100000000001000
000100000000001000
000100000000001000
000100000000001000
000100000000001000
000100000001001000
000100000011000000
000100000011000000
110100000111000000
110100000111000000
110100000111000000
110100000111000000
110100000011000000
110100000011000000
110100000011000000
110100000011000000
110100000001000000
110100000001000000
110100000001000000
110100000001000000
110100000001000100
110100000001000100
110100000001000100
110100000001000100
110100000101000100
110100000101000100
110100000101000100
110100000101000100
110100000111000000
110100000011000000
110100000011000000
110100000011000000
110100000011000000
110100000011000000
110100000111000000
110100000111000000
110100000111000000
110100000111000000
110100000111000000
110100000011000000
110100000011000000
110100000011000000
000000000000000000
000000000000000000
000000000000000000
000000000000000001
000100000000000001
000100000000000001
000100000000001001
000100000000001001
000100000000001001
000100000000001001
001101000000000001
001101000000000001
001101000000000001
001100000000000001
001100000001010001
001100000001010001
001100000001010001
001100000001010001
001100000001010001
001100000001010001
001100000001010001
001100000001010001
001100000001010001
001100000001010001
001100000001010001
001100000001010001
001100000001010001
001100000001010001
001100000001010001
001101000001010001
001101000001010001
001101000001010001
001101000001010001
001101000001010001
010101000000010000
010101000000010000
010101000000010000
010101000000010000
010101000000010000
010101000000010000
010101000000010000
110101000000010000
110101000000010000
110101000000010000
110101000001010000
110101000001010000
110101000001010000
110101000001010000
110101000001000100
110101000001000100
110101000001000100
110101000001000100
110101000001000100
110101000001000100
110101000001000100
110101000001010100
110101000001010100
110101000001010100
110101000001010100
110101000001010100
110101000001010100
110101000001000100
110101000001000100
110101000001000100
110101000001000100
110101000001000100
110101000001000100
110101000001000000
110101000001000000
110101000001000000
000111111100001000
000011111100001001
000011111100001001
000011111100001001
000011111100001001
000011111100001001
000011111100001001
000011111100001001
000011111100001001
000011111100001101
000011111100001100
000011111100001100
000011111100001100
000011111100001100
000011111100001100
000011111100001100
000011111100001100
000011011100001100
000101011100001100
000100011100001100
100100011000001000
100100000010000000
100100000010000000
100100000110000000
100100000110000000
100100000110000000
100100000110100000
100100000110100000
100100000010101000
101100000010101000
101100000010101000
101100000010101001
101100000010101001
101100000010101001
101100000010101001
001100000010100001
001100000010100001
001100100010100001
001100100010100001
001100100010100001
001101100010100001
001101100010100001
001101100010100001
001101110010100001
001101110010100001
001101110010100001
000101110010100001
000100110010100001
000100110010100001
000100110010110001
000100110010111001
000101110010111001
000101110010111001
000101110010101001
000101110010101001
000101110010101001
000101110010101001
000101110010101001
000101110010101001
000101110110101001
000001110110101001
000001111110101001
000001111110101001
000011111110101001
000101111100101001
000001111100101000
