AOC Fake
181
812
4
0.591182
0.352104
0.276577
0.223871
0.188758
0.162622
0.149715
0.136717
0.139844
0.135091
0.12416
0.116912
0.110372
0.114455
0.124554
0.118949
0.116726
0.114526
0.132386
0.126676
0.124101
0.118526
0.115359
0.111641
0.115847
0.113987
0.111897
0.109669
0.106668
0.108398
0.113609
0.110918
0.110766
0.10509
0.104642
0.102052
0.101278
0.100734
0.100609
0.0999093
0.0995468
0.098584
0.0979129
0.0978009
0.0956342
0.0949358
0.0948206
0.093534
0.0914822
0.102915
0.102786
0.101644
0.0981773
0.0991388
0.0967468
0.0987708
0.0977945
0.0949696
0.102408
0.106483
0.103687
0.105126
0.104896
0.10571
0.106718
0.106517
0.106668
0.106541
0.106117
0.105847
0.105653
0.104895
0.104036
0.103885
0.102708
0.103662
0.10404
0.102517
0.103607
0.102538
0.103372
0.102626
0.101254
0.103404
0.104988
0.103667
0.106172
0.106573
0.10626
0.106037
0.105804
0.105836
0.10603
0.105727
0.105484
0.104765
0.104467
0.104231
0.104019
0.104396
0.104228
0.103818
0.103515
0.103309
0.103044
0.102797
0.102622
0.101602
0.101185
0.101062
0.100739
0.100542
0.100542
0.0997656
0.0991139
0.0991105
0.0982395
0.097893
0.0973393
0.0975973
0.0972179
0.0973229
0.0976475
0.0972739
0.0968689
0.096699
0.0964202
0.0963154
0.095675
0.0951667
0.095063
0.0946971
0.0943379
0.0940687
0.0936039
0.0929675
0.0927049
0.0927681
0.0926162
0.0922877
0.0918552
0.0917073
0.092109
0.0915213
0.0910171
0.0910144
0.0903424
0.0937542
0.0931873
0.0947759
0.0942945
0.0948902
0.0942161
