AOC
2935
58169
10
0.577159
0.315054
0.282738
0.226109
0.207496
0.174009
0.17319
0.16711
0.165591
0.164906
0.163895
0.155863
0.148806
0.161911
0.175302
0.168566
0.167965
0.163025
0.165033
0.160856
0.159464
0.153925
0.153277
0.152489
0.152392
0.151927
0.151041
0.148608
0.145905
0.148936
0.152871
0.15052
0.150393
0.148359
0.146734
0.14491
0.143829
0.142668
0.140689
0.138618
0.138376
0.13799
0.13683
0.136076
0.135153
0.134085
0.133352
0.133492
0.131355
0.130385
0.128575
0.128268
0.128853
0.13124
0.131007
0.133439
0.132291
0.130879
0.13291
0.134342
0.132673
0.130247
0.131738
0.133353
0.135211
0.136765
0.137373
0.137018
0.135941
0.13553
0.135398
0.135735
0.13515
0.134683
0.13473
0.135735
0.137671
0.139985
0.142209
0.142497
0.142169
0.141637
0.141017
0.142027
0.142515
0.141727
0.142382
0.14369
0.144639
0.145032
0.144786
0.14428
0.143859
0.143613
0.143603
0.142723
0.142263
0.142462
0.144775
0.146778
0.147332
0.147133
0.146618
0.146174
0.148614
0.14924
0.148455
0.149099
0.151896
0.151873
0.152194
0.151897
0.151313
0.151973
0.151736
0.150992
0.151097
0.150807
0.153097
0.153482
0.152447
0.153911
0.154358
0.153042
0.15446
0.154834
0.154166
0.153733
0.153783
0.153667
0.153239
0.153435
0.154321
0.15329
0.153058
0.152555
0.151311
0.152362
0.152062
0.151432
0.150672
0.150196
0.150578
0.15
0.149367
0.149237
0.148713
0.151671
0.150794
0.151676
0.151045
0.151523
0.150726
