Billie Eilish Fake 2
226
1
0.741176
0.348485
0.372152
0.298781
0.28115
0.234667
0.203215
0.182752
0.1814
0.193522
0.224521
0.213579
0.206829
0.194461
0.2
0.191466
0.177266
0.167932
0.183948
0.177109
0.183048
0.174971
0.1677
0.162029
0.160787
0.161458
0.175671
0.169771
0.170971
0.164243
0.16806
0.164844
0.15773
0.160199
0.157843
0.156966
0.156206
0.153952
0.151618
0.14846
0.148927
0.149883
0.151433
0.153529
0.151546
0.149165
0.147958
0.152729
0.146813
0.152321
0.150911
0.149081
0.144684
0.144578
0.151011
0.15876
0.159174
0.160913
0.16235
0.161772
0.157735
0.163623
0.164245
0.165493
0.166908
0.168673
0.169877
0.168106
0.166102
0.165099
0.1639
0.164799
0.164923
0.164567
0.163769
0.166426
0.168938
0.169951
0.1707
0.170269
0.171071
0.171523
0.172495
0.173856
0.175123
0.173646
0.174951
0.177994
0.179264
0.180279
0.18122
0.179019
0.180779
0.179706
0.181407
0.180877
0.180119
0.181769
0.183389
0.184655
0.184896
0.182838
0.183871
0.18288
0.184883
0.184701
0.184009
0.184948
0.186209
0.184923
0.183259
0.182752
0.181707
0.182815
0.182921
0.182537
0.182
0.182013
0.181368
0.180882
0.179523
0.180301
0.180401
0.179673
0.179002
0.17899
0.180773
0.179525
0.179446
0.177967
0.176995
0.178192
0.176645
0.177547
0.175769
0.176491
0.175487
0.174963
0.174288
0.174837
0.173928
0.173465
0.174554
0.173502
0.173033
0.172537
0.172806
0.172458
0.171708
0.173204
0.172787
0.171418
0.170401
