Billie Eilish
36792
3
0.581497
0.382693
0.348319
0.284046
0.250824
0.21482
0.200742
0.190855
0.184376
0.178558
0.179744
0.172231
0.163998
0.173304
0.188618
0.180979
0.176528
0.178147
0.18214
0.178698
0.175821
0.169156
0.166282
0.164351
0.165591
0.163076
0.165183
0.161717
0.158059
0.162414
0.170369
0.166926
0.166616
0.167175
0.164136
0.162637
0.161055
0.159533
0.157161
0.156608
0.157199
0.159768
0.158127
0.156607
0.15599
0.156494
0.154695
0.154644
0.1528
0.151364
0.150007
0.149136
0.148324
0.14767
0.148096
0.148522
0.147384
0.146463
0.147721
0.149183
0.147971
0.146025
0.146612
0.147196
0.150529
0.152632
0.155919
0.15576
0.157206
0.157226
0.156283
0.157753
0.157527
0.156397
0.157312
0.157147
0.156926
0.15699
0.157551
0.157372
0.156473
0.156476
0.156205
0.155982
0.155187
0.154665
0.155078
0.155616
0.155768
0.155797
0.155438
0.154875
0.154631
0.154342
0.15386
0.152584
0.152187
0.151835
0.153283
0.155202
0.155342
0.156064
0.155871
0.155149
0.156418
0.156013
0.155264
0.155238
0.156719
0.156142
0.155827
0.155441
0.155157
0.155413
0.15503
0.154582
0.154248
0.154257
0.156046
0.155833
0.155128
0.155556
0.155152
0.154285
0.155172
0.156376
0.15619
0.155921
0.155528
0.155056
0.154462
0.154449
0.154198
0.153445
0.153128
0.153129
0.152215
0.153105
0.15292
0.152429
0.151707
0.151432
0.151267
0.150519
0.149771
0.149678
0.149174
0.151723
0.150951
0.151129
0.150391
0.150763
0.150049
