Billie Eilish Fake 1
-1
0.383562
0.234168
0.221725
0.173333
0.153792
0.137438
0.134173
0.124245
0.120126
0.120644
0.138283
0.12995
0.12478
0.124933
0.125381
0.125518
0.120782
-1
-1
0.121756
0.124643
0.124798
0.119178
0.115163
0.116611
0.114893
0.115385
0.117745
0.123108
0.119105
0.118004
0.121928
0.123508
0.124235
0.121248
-1
-1
-1
0.119011
0.118105
0.117143
0.115771
0.117404
0.115032
0.116016
0.124378
0.130557
0.134604
0.131681
0.132692
0.131335
0.128304
0.134799
-1
-1
-1
-1
0.132823
0.131884
0.131012
0.12928
0.128163
0.127174
0.128105
0.129615
0.128038
0.128525
0.12658
0.125458
0.125397
0.124297
-1
-1
-1
-1
-1
0.126216
0.125964
0.126795
0.125486
0.126441
0.128117
0.127826
0.129253
0.128681
0.130701
0.129841
0.129209
0.13088
-1
-1
-1
-1
-1
-1
0.131026
0.131241
0.130657
0.130661
0.130236
0.129879
0.1301
0.129785
0.130214
0.12978
0.129407
0.130235
-1
-1
-1
-1
-1
-1
-1
0.130292
0.129879
0.129535
0.129608
0.130059
0.130492
0.130677
0.130238
0.129702
0.129222
0.129299
-1
-1
-1
-1
-1
-1
-1
-1
0.1291
0.128769
0.130381
0.13093
0.131269
0.130737
0.132306
0.132751
0.132425
0.131929
-1
-1
-1
-1
-1
-1
-1
-1
-1
0.131311
0.130253
0.129296
0.128449
0.128102
0.127581
0.127426
0.127103
0.126204
-1
-1
-1
-1
-1
-1
-1
-1
-1
-1
0.125934
0.125899
0.126354
0.126091
0.126302
0.126155
0.125555
0.125627
-1
-1
-1
-1
-1
-1
-1
-1
-1
-1
-1
0.127591
0.129243
0.129137
0.130604
0.131439
0.130693
0.132939
-1
-1
-1
-1
-1
-1
-1
-1
-1
-1
-1
-1
0.133255
0.133311
0.133435
0.133315
0.132663
0.133394
-1
-1
-1
-1
-1
-1
-1
-1
-1
-1
-1
-1
-1
0.133243
0.133527
0.133126
0.132661
0.133553
-1
-1
-1
-1
-1
-1
-1
-1
-1
-1
-1
-1
-1
-1
0.132853
0.132339
0.132274
0.131948
-1
-1
-1
-1
-1
-1
-1
-1
-1
-1
-1
-1
-1
-1
-1
0.133226
0.132718
0.132301
-1
-1
-1
-1
-1
-1
-1
-1
-1
-1
-1
-1
-1
-1
-1
-1
0.13203
0.131277
-1
-1
-1
-1
-1
-1
-1
-1
-1
-1
-1
-1
-1
-1
-1
-1
-1
0.130623
-1
-1
-1
-1
-1
-1
-1
-1
-1
-1
-1
-1
-1
-1
-1
-1
-1
-1
